    0.10000E+01    0.00000E+00    0.00000E+00    0.00000E+00    0.00000E+00   -0.00000E+00    0.47323E-26
    0.20000E+05    0.00000E+00    0.00000E+00    0.00000E+00    0.00000E+00   -0.00000E+00    0.18929E-17
    0.40000E+05    0.00000E+00    0.00000E+00    0.00000E+00    0.00000E+00   -0.00000E+00    0.75717E-17
    0.60000E+05    0.00000E+00    0.00000E+00    0.00000E+00    0.00000E+00   -0.00000E+00    0.17036E-16
    0.80000E+05    0.00000E+00    0.00000E+00    0.00000E+00    0.00000E+00   -0.00000E+00    0.30287E-16
    0.10000E+06    0.00000E+00    0.00000E+00    0.00000E+00    0.00000E+00   -0.00000E+00    0.47323E-16
    0.12000E+06    0.00000E+00    0.00000E+00    0.00000E+00    0.00000E+00   -0.00000E+00    0.68146E-16
    0.14000E+06    0.00000E+00    0.00000E+00    0.00000E+00    0.00000E+00   -0.00000E+00    0.92754E-16
    0.16000E+06    0.00000E+00    0.00000E+00    0.00000E+00    0.00000E+00   -0.00000E+00    0.12115E-15
    0.18000E+06    0.00000E+00    0.00000E+00    0.00000E+00    0.00000E+00   -0.00000E+00    0.15333E-15
    0.20000E+06    0.00000E+00    0.00000E+00    0.00000E+00    0.00000E+00   -0.00000E+00    0.18929E-15
    0.22000E+06    0.00000E+00    0.00000E+00    0.00000E+00    0.00000E+00   -0.00000E+00    0.22904E-15
    0.24000E+06    0.00000E+00    0.00000E+00    0.00000E+00    0.00000E+00   -0.00000E+00    0.27258E-15
    0.26000E+06    0.00000E+00    0.00000E+00    0.00000E+00    0.00000E+00   -0.00000E+00    0.31991E-15
    0.28000E+06    0.00000E+00    0.00000E+00    0.00000E+00    0.00000E+00   -0.00000E+00    0.37101E-15
    0.30000E+06    0.00000E+00    0.00000E+00    0.00000E+00    0.00000E+00   -0.00000E+00    0.42591E-15
    0.32000E+06    0.00000E+00    0.00000E+00    0.00000E+00    0.00000E+00   -0.00000E+00    0.48459E-15
    0.34000E+06    0.00000E+00    0.00000E+00    0.00000E+00    0.00000E+00   -0.00000E+00    0.54706E-15
    0.36000E+06    0.00000E+00    0.00000E+00    0.00000E+00    0.00000E+00   -0.00000E+00    0.61331E-15
    0.38000E+06    0.00000E+00    0.00000E+00    0.00000E+00    0.00000E+00   -0.00000E+00    0.68335E-15
    0.40000E+06    0.00000E+00    0.00000E+00    0.00000E+00    0.00000E+00   -0.00000E+00    0.75717E-15
    0.42000E+06    0.00000E+00    0.00000E+00    0.00000E+00    0.00000E+00   -0.00000E+00    0.83478E-15
    0.44000E+06    0.00000E+00    0.00000E+00    0.00000E+00    0.00000E+00   -0.00000E+00    0.91618E-15
    0.46000E+06    0.00000E+00    0.00000E+00    0.00000E+00    0.00000E+00   -0.00000E+00    0.10014E-14
    0.48000E+06    0.00000E+00    0.00000E+00    0.00000E+00    0.00000E+00   -0.00000E+00    0.10903E-14
    0.50000E+06    0.00000E+00    0.00000E+00    0.00000E+00    0.00000E+00   -0.00000E+00    0.11831E-14
    0.52000E+06    0.00000E+00    0.00000E+00    0.00000E+00    0.00000E+00   -0.00000E+00    0.12796E-14
    0.54000E+06    0.00000E+00    0.00000E+00    0.00000E+00    0.00000E+00   -0.00000E+00    0.13799E-14
    0.56000E+06    0.00000E+00    0.00000E+00    0.00000E+00    0.00000E+00   -0.00000E+00    0.14841E-14
    0.58000E+06    0.00000E+00    0.00000E+00    0.00000E+00    0.00000E+00   -0.00000E+00    0.15920E-14
    0.60000E+06    0.00000E+00    0.00000E+00    0.00000E+00    0.00000E+00   -0.00000E+00    0.17036E-14
    0.62000E+06    0.00000E+00    0.00000E+00    0.00000E+00    0.00000E+00   -0.00000E+00    0.18191E-14
    0.64000E+06    0.00000E+00    0.00000E+00    0.00000E+00    0.00000E+00   -0.00000E+00    0.19384E-14
    0.66000E+06    0.00000E+00    0.00000E+00    0.00000E+00    0.00000E+00   -0.00000E+00    0.20614E-14
    0.68000E+06    0.00000E+00    0.00000E+00    0.00000E+00    0.00000E+00   -0.00000E+00    0.21882E-14
    0.70000E+06    0.00000E+00    0.00000E+00    0.00000E+00    0.00000E+00   -0.00000E+00    0.23188E-14
    0.72000E+06    0.00000E+00    0.00000E+00    0.00000E+00    0.00000E+00   -0.00000E+00    0.24532E-14
    0.74000E+06    0.00000E+00    0.00000E+00    0.00000E+00    0.00000E+00   -0.00000E+00    0.25914E-14
    0.76000E+06    0.00000E+00    0.00000E+00    0.00000E+00    0.00000E+00   -0.00000E+00    0.27334E-14
    0.78000E+06    0.00000E+00    0.00000E+00    0.00000E+00    0.00000E+00   -0.00000E+00    0.28792E-14
    0.80000E+06    0.00000E+00    0.00000E+00    0.00000E+00    0.00000E+00   -0.00000E+00    0.30287E-14
    0.82000E+06    0.00000E+00    0.00000E+00    0.00000E+00    0.00000E+00   -0.00000E+00    0.31820E-14
    0.84000E+06    0.00000E+00    0.00000E+00    0.00000E+00    0.00000E+00   -0.00000E+00    0.33391E-14
    0.86000E+06    0.00000E+00    0.00000E+00    0.00000E+00    0.00000E+00   -0.00000E+00    0.35000E-14
    0.88000E+06    0.00000E+00    0.00000E+00    0.00000E+00    0.00000E+00   -0.00000E+00    0.36647E-14
    0.90000E+06    0.00000E+00    0.00000E+00    0.00000E+00    0.00000E+00   -0.00000E+00    0.38332E-14
    0.92000E+06    0.00000E+00    0.00000E+00    0.00000E+00    0.00000E+00   -0.00000E+00    0.40054E-14
    0.94000E+06    0.00000E+00    0.00000E+00    0.00000E+00    0.00000E+00   -0.00000E+00    0.41815E-14
    0.96000E+06    0.00000E+00    0.00000E+00    0.00000E+00    0.00000E+00   -0.00000E+00    0.43613E-14
    0.98000E+06    0.00000E+00    0.00000E+00    0.00000E+00    0.00000E+00   -0.00000E+00    0.45449E-14
    0.10000E+07    0.00000E+00    0.00000E+00    0.00000E+00    0.00000E+00   -0.00000E+00    0.47323E-14
    0.10200E+07    0.00000E+00    0.00000E+00    0.00000E+00    0.00000E+00   -0.00000E+00    0.49235E-14
    0.10400E+07    0.00000E+00    0.00000E+00    0.00000E+00    0.00000E+00   -0.00000E+00    0.51185E-14
    0.10600E+07    0.00000E+00    0.00000E+00    0.00000E+00    0.00000E+00   -0.00000E+00    0.53172E-14
    0.10800E+07    0.00000E+00    0.00000E+00    0.00000E+00    0.00000E+00   -0.00000E+00    0.55198E-14
    0.11000E+07    0.00000E+00    0.00000E+00    0.00000E+00    0.00000E+00   -0.00000E+00    0.57261E-14
    0.11200E+07    0.00000E+00    0.00000E+00    0.00000E+00    0.00000E+00   -0.00000E+00    0.59362E-14
    0.11400E+07    0.00000E+00    0.00000E+00    0.00000E+00    0.00000E+00   -0.00000E+00    0.61501E-14
    0.11600E+07    0.00000E+00    0.00000E+00    0.00000E+00    0.00000E+00   -0.00000E+00    0.63678E-14
    0.11800E+07    0.00000E+00    0.00000E+00    0.00000E+00    0.00000E+00   -0.00000E+00    0.65893E-14
    0.12000E+07    0.00000E+00    0.00000E+00    0.00000E+00    0.00000E+00   -0.00000E+00    0.68146E-14
    0.12200E+07    0.00000E+00    0.00000E+00    0.00000E+00    0.00000E+00   -0.00000E+00    0.70436E-14
    0.12215E+07    0.00000E+00    0.00000E+00    0.00000E+00    0.00000E+00   -0.00000E+00    0.70609E-14
    0.12215E+07    0.00000E+00    0.00000E+00    0.00000E+00    0.00000E+00   -0.00000E+00    0.70609E-14
    0.12400E+07    0.00000E+00    0.00000E+00    0.00000E+00    0.00000E+00   -0.00000E+00    0.72764E-14
    0.12600E+07    0.00000E+00    0.00000E+00    0.00000E+00    0.00000E+00   -0.00000E+00    0.75131E-14
    0.12800E+07    0.00000E+00    0.00000E+00    0.00000E+00    0.00000E+00   -0.00000E+00    0.77535E-14
    0.13000E+07    0.00000E+00    0.00000E+00    0.00000E+00    0.00000E+00   -0.00000E+00    0.79976E-14
    0.13200E+07    0.00000E+00    0.00000E+00    0.00000E+00    0.00000E+00   -0.00000E+00    0.82456E-14
    0.13400E+07    0.00000E+00    0.00000E+00    0.00000E+00    0.00000E+00   -0.00000E+00    0.84974E-14
    0.13600E+07    0.00000E+00    0.00000E+00    0.00000E+00    0.00000E+00   -0.00000E+00    0.87529E-14
    0.13800E+07    0.00000E+00    0.00000E+00    0.00000E+00    0.00000E+00   -0.00000E+00    0.90123E-14
    0.14000E+07    0.00000E+00    0.00000E+00    0.00000E+00    0.00000E+00   -0.00000E+00    0.92754E-14
    0.14200E+07    0.00000E+00    0.00000E+00    0.00000E+00    0.00000E+00   -0.00000E+00    0.95423E-14
    0.14400E+07    0.00000E+00    0.00000E+00    0.00000E+00    0.00000E+00   -0.00000E+00    0.98130E-14
    0.14600E+07    0.00000E+00    0.00000E+00    0.00000E+00    0.00000E+00   -0.00000E+00    0.10087E-13
    0.14800E+07    0.00000E+00    0.00000E+00    0.00000E+00    0.00000E+00   -0.00000E+00    0.10366E-13
    0.15000E+07    0.00000E+00    0.00000E+00    0.00000E+00    0.00000E+00   -0.00000E+00    0.10648E-13
    0.15200E+07    0.00000E+00    0.00000E+00    0.00000E+00    0.00000E+00   -0.00000E+00    0.10934E-13
    0.15400E+07    0.00000E+00    0.00000E+00    0.00000E+00    0.00000E+00   -0.00000E+00    0.11223E-13
    0.15600E+07    0.00000E+00    0.00000E+00    0.00000E+00    0.00000E+00   -0.00000E+00    0.11517E-13
    0.15800E+07    0.00000E+00    0.00000E+00    0.00000E+00    0.00000E+00   -0.00000E+00    0.11814E-13
    0.16000E+07    0.00000E+00    0.00000E+00    0.00000E+00    0.00000E+00   -0.00000E+00    0.12115E-13
    0.16200E+07    0.00000E+00    0.00000E+00    0.00000E+00    0.00000E+00   -0.00000E+00    0.12420E-13
    0.16400E+07    0.00000E+00    0.00000E+00    0.00000E+00    0.00000E+00   -0.00000E+00    0.12728E-13
    0.16600E+07    0.00000E+00    0.00000E+00    0.00000E+00    0.00000E+00   -0.00000E+00    0.13040E-13
    0.16800E+07    0.00000E+00    0.00000E+00    0.00000E+00    0.00000E+00   -0.00000E+00    0.13357E-13
    0.17000E+07    0.00000E+00    0.00000E+00    0.00000E+00    0.00000E+00   -0.00000E+00    0.13676E-13
    0.17200E+07    0.00000E+00    0.00000E+00    0.00000E+00    0.00000E+00   -0.00000E+00    0.14000E-13
    0.17400E+07    0.00000E+00    0.00000E+00    0.00000E+00    0.00000E+00   -0.00000E+00    0.14328E-13
    0.17600E+07    0.00000E+00    0.00000E+00    0.00000E+00    0.00000E+00   -0.00000E+00    0.14659E-13
    0.17800E+07    0.00000E+00    0.00000E+00    0.00000E+00    0.00000E+00   -0.00000E+00    0.14994E-13
    0.18000E+07    0.00000E+00    0.00000E+00    0.00000E+00    0.00000E+00   -0.00000E+00    0.15333E-13
    0.18200E+07    0.00000E+00    0.00000E+00    0.00000E+00    0.00000E+00   -0.00000E+00    0.15675E-13
    0.18400E+07    0.00000E+00    0.00000E+00    0.00000E+00    0.00000E+00   -0.00000E+00    0.16022E-13
    0.18600E+07    0.00000E+00    0.00000E+00    0.00000E+00    0.00000E+00   -0.00000E+00    0.16372E-13
    0.18800E+07    0.00000E+00    0.00000E+00    0.00000E+00    0.00000E+00   -0.00000E+00    0.16726E-13
    0.19000E+07    0.00000E+00    0.00000E+00    0.00000E+00    0.00000E+00   -0.00000E+00    0.17084E-13
    0.19200E+07    0.00000E+00    0.00000E+00    0.00000E+00    0.00000E+00   -0.00000E+00    0.17445E-13
    0.19400E+07    0.00000E+00    0.00000E+00    0.00000E+00    0.00000E+00   -0.00000E+00    0.17811E-13
    0.19600E+07    0.00000E+00    0.00000E+00    0.00000E+00    0.00000E+00   -0.00000E+00    0.18180E-13
    0.19800E+07    0.00000E+00    0.00000E+00    0.00000E+00    0.00000E+00   -0.00000E+00    0.18553E-13
    0.20000E+07    0.00000E+00    0.00000E+00    0.00000E+00    0.00000E+00   -0.00000E+00    0.18929E-13
    0.20200E+07    0.00000E+00    0.00000E+00    0.00000E+00    0.00000E+00   -0.00000E+00    0.19310E-13
    0.20400E+07    0.00000E+00    0.00000E+00    0.00000E+00    0.00000E+00   -0.00000E+00    0.19694E-13
    0.20600E+07    0.00000E+00    0.00000E+00    0.00000E+00    0.00000E+00   -0.00000E+00    0.20082E-13
    0.20800E+07    0.00000E+00    0.00000E+00    0.00000E+00    0.00000E+00   -0.00000E+00    0.20474E-13
    0.21000E+07    0.00000E+00    0.00000E+00    0.00000E+00    0.00000E+00   -0.00000E+00    0.20870E-13
    0.21200E+07    0.00000E+00    0.00000E+00    0.00000E+00    0.00000E+00   -0.00000E+00    0.21269E-13
    0.21400E+07    0.00000E+00    0.00000E+00    0.00000E+00    0.00000E+00   -0.00000E+00    0.21672E-13
    0.21600E+07    0.00000E+00    0.00000E+00    0.00000E+00    0.00000E+00   -0.00000E+00    0.22079E-13
    0.21800E+07    0.00000E+00    0.00000E+00    0.00000E+00    0.00000E+00   -0.00000E+00    0.22490E-13
    0.22000E+07    0.00000E+00    0.00000E+00    0.00000E+00    0.00000E+00   -0.00000E+00    0.22904E-13
    0.22200E+07    0.00000E+00    0.00000E+00    0.00000E+00    0.00000E+00   -0.00000E+00    0.23323E-13
    0.22400E+07    0.00000E+00    0.00000E+00    0.00000E+00    0.00000E+00   -0.00000E+00    0.23745E-13
    0.22600E+07    0.00000E+00    0.00000E+00    0.00000E+00    0.00000E+00   -0.00000E+00    0.24171E-13
    0.22800E+07    0.00000E+00    0.00000E+00    0.00000E+00    0.00000E+00   -0.00000E+00    0.24601E-13
    0.23000E+07    0.00000E+00    0.00000E+00    0.00000E+00    0.00000E+00   -0.00000E+00    0.25034E-13
    0.23200E+07    0.00000E+00    0.00000E+00    0.00000E+00    0.00000E+00   -0.00000E+00    0.25471E-13
    0.23400E+07    0.00000E+00    0.00000E+00    0.00000E+00    0.00000E+00   -0.00000E+00    0.25912E-13
    0.23600E+07    0.00000E+00    0.00000E+00    0.00000E+00    0.00000E+00   -0.00000E+00    0.26357E-13
    0.23800E+07    0.00000E+00    0.00000E+00    0.00000E+00    0.00000E+00   -0.00000E+00    0.26806E-13
    0.24000E+07    0.00000E+00    0.00000E+00    0.00000E+00    0.00000E+00   -0.00000E+00    0.27258E-13
    0.24200E+07    0.00000E+00    0.00000E+00    0.00000E+00    0.00000E+00   -0.00000E+00    0.27714E-13
    0.24400E+07    0.00000E+00    0.00000E+00    0.00000E+00    0.00000E+00   -0.00000E+00    0.28174E-13
    0.24600E+07    0.00000E+00    0.00000E+00    0.00000E+00    0.00000E+00   -0.00000E+00    0.28638E-13
    0.24800E+07    0.00000E+00    0.00000E+00    0.00000E+00    0.00000E+00   -0.00000E+00    0.29106E-13
    0.25000E+07    0.00000E+00    0.00000E+00    0.00000E+00    0.00000E+00   -0.00000E+00    0.29577E-13
    0.25200E+07    0.00000E+00    0.00000E+00    0.00000E+00    0.00000E+00   -0.00000E+00    0.30052E-13
    0.25400E+07    0.00000E+00    0.00000E+00    0.00000E+00    0.00000E+00   -0.00000E+00    0.30531E-13
    0.25600E+07    0.00000E+00    0.00000E+00    0.00000E+00    0.00000E+00   -0.00000E+00    0.31014E-13
    0.25800E+07    0.00000E+00    0.00000E+00    0.00000E+00    0.00000E+00   -0.00000E+00    0.31500E-13
    0.26000E+07    0.00000E+00    0.00000E+00    0.00000E+00    0.00000E+00   -0.00000E+00    0.31991E-13
    0.26200E+07    0.00000E+00    0.00000E+00    0.00000E+00    0.00000E+00   -0.00000E+00    0.32485E-13
    0.26400E+07    0.00000E+00    0.00000E+00    0.00000E+00    0.00000E+00   -0.00000E+00    0.32982E-13
    0.26600E+07    0.00000E+00    0.00000E+00    0.00000E+00    0.00000E+00   -0.00000E+00    0.33484E-13
    0.26800E+07    0.00000E+00    0.00000E+00    0.00000E+00    0.00000E+00   -0.00000E+00    0.33990E-13
    0.27000E+07    0.00000E+00    0.00000E+00    0.00000E+00    0.00000E+00   -0.00000E+00    0.34499E-13
    0.27200E+07    0.00000E+00    0.00000E+00    0.00000E+00    0.00000E+00   -0.00000E+00    0.35012E-13
    0.27400E+07    0.00000E+00    0.00000E+00    0.00000E+00    0.00000E+00   -0.00000E+00    0.35528E-13
    0.27600E+07    0.00000E+00    0.00000E+00    0.00000E+00    0.00000E+00   -0.00000E+00    0.36049E-13
    0.27800E+07    0.00000E+00    0.00000E+00    0.00000E+00    0.00000E+00   -0.00000E+00    0.36573E-13
    0.28000E+07    0.00000E+00    0.00000E+00    0.00000E+00    0.00000E+00   -0.00000E+00    0.37101E-13
    0.28200E+07    0.00000E+00    0.00000E+00    0.00000E+00    0.00000E+00   -0.00000E+00    0.37633E-13
    0.28400E+07    0.00000E+00    0.00000E+00    0.00000E+00    0.00000E+00   -0.00000E+00    0.38169E-13
    0.28600E+07    0.00000E+00    0.00000E+00    0.00000E+00    0.00000E+00   -0.00000E+00    0.38709E-13
    0.28800E+07    0.00000E+00    0.00000E+00    0.00000E+00    0.00000E+00   -0.00000E+00    0.39252E-13
    0.29000E+07    0.00000E+00    0.00000E+00    0.00000E+00    0.00000E+00   -0.00000E+00    0.39799E-13
    0.29200E+07    0.00000E+00    0.00000E+00    0.00000E+00    0.00000E+00   -0.00000E+00    0.40350E-13
    0.29400E+07    0.00000E+00    0.00000E+00    0.00000E+00    0.00000E+00   -0.00000E+00    0.40904E-13
    0.29600E+07    0.00000E+00    0.00000E+00    0.00000E+00    0.00000E+00   -0.00000E+00    0.41463E-13
    0.29800E+07    0.00000E+00    0.00000E+00    0.00000E+00    0.00000E+00   -0.00000E+00    0.42025E-13
    0.30000E+07    0.00000E+00    0.00000E+00    0.00000E+00    0.00000E+00   -0.00000E+00    0.42591E-13
    0.30200E+07    0.00000E+00    0.00000E+00    0.00000E+00    0.00000E+00   -0.00000E+00    0.43161E-13
    0.30400E+07    0.00000E+00    0.00000E+00    0.00000E+00    0.00000E+00   -0.00000E+00    0.43734E-13
    0.30600E+07    0.00000E+00    0.00000E+00    0.00000E+00    0.00000E+00   -0.00000E+00    0.44312E-13
    0.30800E+07    0.00000E+00    0.00000E+00    0.00000E+00    0.00000E+00   -0.00000E+00    0.44893E-13
    0.31000E+07    0.00000E+00    0.00000E+00    0.00000E+00    0.00000E+00   -0.00000E+00    0.45478E-13
    0.31200E+07    0.00000E+00    0.00000E+00    0.00000E+00    0.00000E+00   -0.00000E+00    0.46066E-13
    0.31400E+07    0.00000E+00    0.00000E+00    0.00000E+00    0.00000E+00   -0.00000E+00    0.46659E-13
    0.31600E+07    0.00000E+00    0.00000E+00    0.00000E+00    0.00000E+00   -0.00000E+00    0.47255E-13
    0.31800E+07    0.00000E+00    0.00000E+00    0.00000E+00    0.00000E+00   -0.00000E+00    0.47855E-13
    0.32000E+07    0.00000E+00    0.00000E+00    0.00000E+00    0.00000E+00   -0.00000E+00    0.48459E-13
    0.32200E+07    0.00000E+00    0.00000E+00    0.00000E+00    0.00000E+00   -0.00000E+00    0.49067E-13
    0.32400E+07    0.00000E+00    0.00000E+00    0.00000E+00    0.00000E+00   -0.00000E+00    0.49678E-13
    0.32600E+07    0.00000E+00    0.00000E+00    0.00000E+00    0.00000E+00   -0.00000E+00    0.50293E-13
    0.32800E+07    0.00000E+00    0.00000E+00    0.00000E+00    0.00000E+00   -0.00000E+00    0.50912E-13
    0.33000E+07    0.00000E+00    0.00000E+00    0.00000E+00    0.00000E+00   -0.00000E+00    0.51535E-13
    0.33200E+07    0.00000E+00    0.11733E-30    0.00000E+00   -0.11666E-30   -0.10508E-26    0.52162E-13
    0.33400E+07    0.00000E+00    0.21027E-30    0.00000E+00   -0.20902E-30   -0.18789E-26    0.52792E-13
    0.33600E+07    0.00000E+00    0.49283E-30    0.00000E+00   -0.48979E-30   -0.43931E-26    0.53426E-13
    0.33800E+07    0.00000E+00    0.87761E-30    0.00000E+00   -0.87195E-30   -0.78047E-26    0.54064E-13
    0.34000E+07    0.00000E+00    0.15559E-29    0.00000E+00   -0.15454E-29   -0.13804E-25    0.54706E-13
    0.34200E+07    0.00000E+00    0.27468E-29    0.00000E+00   -0.27275E-29   -0.24312E-25    0.55351E-13
    0.34400E+07    0.00000E+00    0.48293E-29    0.00000E+00   -0.47938E-29   -0.42642E-25    0.56001E-13
    0.34600E+07    0.00000E+00    0.84567E-29    0.00000E+00   -0.83918E-29   -0.74491E-25    0.56654E-13
    0.34800E+07    0.00000E+00    0.14750E-28    0.00000E+00   -0.14632E-28   -0.12961E-24    0.57310E-13
    0.34800E+07    0.10015E-28    0.18121E-29    0.57664E-30    0.29111E-29   -0.28646E-25    0.57310E-13
    0.34850E+07    0.86245E-29    0.14794E-29    0.54511E-30    0.26127E-29   -0.23814E-25    0.57475E-13
    0.34900E+07    0.82310E-29    0.12608E-29    0.51829E-30    0.22883E-29   -0.20401E-25    0.57640E-13
    0.34950E+07    0.86220E-29    0.11301E-29    0.49664E-30    0.19518E-29   -0.18099E-25    0.57806E-13
    0.35000E+07    0.96427E-29    0.10701E-29    0.48047E-30    0.16097E-29   -0.16687E-25    0.57971E-13
    0.35050E+07    0.11185E-28    0.10711E-29    0.47001E-30    0.12626E-29   -0.16009E-25    0.58137E-13
    0.35100E+07    0.13179E-28    0.11293E-29    0.46540E-30    0.90647E-30   -0.15964E-25    0.58303E-13
    0.35150E+07    0.15585E-28    0.12459E-29    0.46681E-30    0.53343E-30   -0.16497E-25    0.58469E-13
    0.35200E+07    0.18392E-28    0.14260E-29    0.47441E-30    0.13254E-30   -0.17588E-25    0.58635E-13
    0.35250E+07    0.21609E-28    0.16784E-29    0.48843E-30   -0.30995E-30   -0.19253E-25    0.58802E-13
    0.35300E+07    0.25266E-28    0.20151E-29    0.50916E-30   -0.81027E-30   -0.21533E-25    0.58969E-13
    0.35350E+07    0.29411E-28    0.24511E-29    0.53699E-30   -0.13870E-29   -0.24495E-25    0.59136E-13
    0.35400E+07    0.34107E-28    0.30044E-29    0.57242E-30   -0.20613E-29   -0.28229E-25    0.59304E-13
    0.35450E+07    0.39436E-28    0.36958E-29    0.61606E-30   -0.28568E-29   -0.32850E-25    0.59471E-13
    0.35500E+07    0.45496E-28    0.45496E-29    0.66870E-30   -0.38000E-29   -0.38494E-25    0.59639E-13
    0.35550E+07    0.52401E-28    0.55936E-29    0.73127E-30   -0.49206E-29   -0.45324E-25    0.59807E-13
    0.35600E+07    0.60287E-28    0.68593E-29    0.80490E-30   -0.62519E-29   -0.53529E-25    0.59976E-13
    0.35650E+07    0.69310E-28    0.83831E-29    0.89093E-30   -0.78317E-29   -0.63327E-25    0.60144E-13
    0.35700E+07    0.79648E-28    0.10206E-28    0.99094E-30   -0.97021E-29   -0.74969E-25    0.60313E-13
    0.35750E+07    0.91508E-28    0.12375E-28    0.11068E-29   -0.11911E-28   -0.88742E-25    0.60482E-13
    0.35800E+07    0.10512E-27    0.14943E-28    0.12407E-29   -0.14514E-28   -0.10497E-24    0.60651E-13
    0.35850E+07    0.12077E-27    0.17972E-28    0.13951E-29   -0.17571E-28   -0.12404E-24    0.60821E-13
    0.35900E+07    0.13875E-27    0.21532E-28    0.15729E-29   -0.21154E-28   -0.14638E-24    0.60991E-13
    0.35950E+07    0.15942E-27    0.25702E-28    0.17776E-29   -0.25342E-28   -0.17248E-24    0.61161E-13
    0.36000E+07    0.18318E-27    0.30574E-28    0.20129E-29   -0.30228E-28   -0.20290E-24    0.61331E-13
    0.36050E+07    0.21051E-27    0.36252E-28    0.22835E-29   -0.35917E-28   -0.23830E-24    0.61502E-13
    0.36100E+07    0.24192E-27    0.42855E-28    0.25943E-29   -0.42527E-28   -0.27940E-24    0.61672E-13
    0.36150E+07    0.27804E-27    0.50521E-28    0.29515E-29   -0.50196E-28   -0.32706E-24    0.61843E-13
    0.36200E+07    0.31955E-27    0.59407E-28    0.33616E-29   -0.59082E-28   -0.38224E-24    0.62014E-13
    0.36250E+07    0.36725E-27    0.69691E-28    0.38326E-29   -0.69362E-28   -0.44605E-24    0.62186E-13
    0.36300E+07    0.42206E-27    0.81579E-28    0.43734E-29   -0.81244E-28   -0.51976E-24    0.62357E-13
    0.36300E+07    0.42206E-27    0.81580E-28    0.43733E-29   -0.81245E-28   -0.51977E-24    0.62357E-13
    0.36350E+07    0.48528E-27    0.95343E-28    0.49928E-29   -0.95001E-28   -0.60458E-24    0.62529E-13
    0.36400E+07    0.55793E-27    0.11123E-27    0.57042E-29   -0.11088E-27   -0.70241E-24    0.62702E-13
    0.36450E+07    0.64138E-27    0.12957E-27    0.65211E-29   -0.12920E-27   -0.81516E-24    0.62874E-13
    0.36500E+07    0.73723E-27    0.15070E-27    0.74589E-29   -0.15031E-27   -0.94500E-24    0.63047E-13
    0.36550E+07    0.84730E-27    0.17504E-27    0.85354E-29   -0.17463E-27   -0.10944E-23    0.63219E-13
    0.36600E+07    0.97366E-27    0.20305E-27    0.97710E-29   -0.20262E-27   -0.12663E-23    0.63392E-13
    0.36650E+07    0.11187E-26    0.23528E-27    0.11189E-28   -0.23481E-27   -0.14638E-23    0.63566E-13
    0.36700E+07    0.12852E-26    0.27233E-27    0.12816E-28   -0.27182E-27   -0.16907E-23    0.63739E-13
    0.36750E+07    0.14761E-26    0.31492E-27    0.14682E-28   -0.31436E-27   -0.19513E-23    0.63913E-13
    0.36800E+07    0.16952E-26    0.36383E-27    0.16822E-28   -0.36321E-27   -0.22503E-23    0.64087E-13
    0.36850E+07    0.19464E-26    0.41999E-27    0.19277E-28   -0.41931E-27   -0.25935E-23    0.64261E-13
    0.36900E+07    0.22345E-26    0.48444E-27    0.22091E-28   -0.48369E-27   -0.29870E-23    0.64436E-13
    0.36950E+07    0.25647E-26    0.55839E-27    0.25317E-28   -0.55755E-27   -0.34382E-23    0.64611E-13
    0.37000E+07    0.29433E-26    0.64320E-27    0.29014E-28   -0.64226E-27   -0.39553E-23    0.64786E-13
    0.37050E+07    0.33770E-26    0.74045E-27    0.33251E-28   -0.73939E-27   -0.45477E-23    0.64961E-13
    0.37100E+07    0.38739E-26    0.85191E-27    0.38105E-28   -0.85072E-27   -0.52263E-23    0.65136E-13
    0.37150E+07    0.44432E-26    0.97963E-27    0.43665E-28   -0.97829E-27   -0.60034E-23    0.65312E-13
    0.37200E+07    0.50951E-26    0.11259E-26    0.50033E-28   -0.11244E-26   -0.68930E-23    0.65488E-13
    0.37250E+07    0.58415E-26    0.12935E-26    0.57325E-28   -0.12918E-26   -0.79111E-23    0.65664E-13
    0.37300E+07    0.66961E-26    0.14854E-26    0.65673E-28   -0.14834E-26   -0.90759E-23    0.65840E-13
    0.37350E+07    0.76741E-26    0.17050E-26    0.75228E-28   -0.17028E-26   -0.10408E-22    0.66017E-13
    0.37400E+07    0.87934E-26    0.19563E-26    0.86163E-28   -0.19538E-26   -0.11932E-22    0.66194E-13
    0.37450E+07    0.10074E-25    0.22439E-26    0.98675E-28   -0.22410E-26   -0.13675E-22    0.66371E-13
    0.37500E+07    0.11539E-25    0.25729E-26    0.11299E-27   -0.25696E-26   -0.15666E-22    0.66548E-13
    0.37550E+07    0.13214E-25    0.29491E-26    0.12936E-27   -0.29453E-26   -0.17943E-22    0.66726E-13
    0.37600E+07    0.15130E-25    0.33792E-26    0.14808E-27   -0.33749E-26   -0.20544E-22    0.66904E-13
    0.37650E+07    0.17320E-25    0.38710E-26    0.16949E-27   -0.38660E-26   -0.23515E-22    0.67082E-13
    0.37700E+07    0.19823E-25    0.44330E-26    0.19395E-27   -0.44273E-26   -0.26909E-22    0.67260E-13
    0.37750E+07    0.22684E-25    0.50752E-26    0.22192E-27   -0.50687E-26   -0.30784E-22    0.67439E-13
    0.37800E+07    0.25953E-25    0.58089E-26    0.25387E-27   -0.58014E-26   -0.35209E-22    0.67617E-13
    0.37850E+07    0.29687E-25    0.66470E-26    0.29038E-27   -0.66383E-26   -0.40259E-22    0.67796E-13
    0.37900E+07    0.33952E-25    0.76040E-26    0.33208E-27   -0.75941E-26   -0.46022E-22    0.67976E-13
    0.37950E+07    0.38823E-25    0.86967E-26    0.37970E-27   -0.86854E-26   -0.52599E-22    0.68155E-13
    0.38000E+07    0.44384E-25    0.99441E-26    0.43407E-27   -0.99311E-26   -0.60100E-22    0.68335E-13
    0.38050E+07    0.50731E-25    0.11368E-25    0.49615E-27   -0.11353E-25   -0.68656E-22    0.68515E-13
    0.38100E+07    0.57976E-25    0.12992E-25    0.56700E-27   -0.12975E-25   -0.78414E-22    0.68695E-13
    0.38150E+07    0.66243E-25    0.14846E-25    0.64786E-27   -0.14826E-25   -0.89538E-22    0.68875E-13
    0.38200E+07    0.75675E-25    0.16960E-25    0.74012E-27   -0.16937E-25   -0.10222E-21    0.69056E-13
    0.38250E+07    0.86434E-25    0.19371E-25    0.84537E-27   -0.19345E-25   -0.11667E-21    0.69237E-13
    0.38300E+07    0.98703E-25    0.22120E-25    0.96540E-27   -0.22090E-25   -0.13314E-21    0.69418E-13
    0.38350E+07    0.11269E-24    0.25254E-25    0.11023E-26   -0.25220E-25   -0.15190E-21    0.69599E-13
    0.38400E+07    0.12864E-24    0.28826E-25    0.12584E-26   -0.28787E-25   -0.17327E-21    0.69781E-13
    0.38450E+07    0.14682E-24    0.32897E-25    0.14363E-26   -0.32852E-25   -0.19761E-21    0.69963E-13
    0.38500E+07    0.16754E-24    0.37535E-25    0.16390E-26   -0.37484E-25   -0.22531E-21    0.70145E-13
    0.38550E+07    0.19115E-24    0.42820E-25    0.18701E-26   -0.42761E-25   -0.25687E-21    0.70327E-13
    0.38600E+07    0.21804E-24    0.48835E-25    0.21332E-26   -0.48768E-25   -0.29275E-21    0.70510E-13
    0.38650E+07    0.24867E-24    0.55698E-25    0.24336E-26   -0.55621E-25   -0.33370E-21    0.70693E-13
    0.38700E+07    0.28356E-24    0.63460E-25    0.27726E-26   -0.63373E-25   -0.37980E-21    0.70876E-13
    0.38710E+07    0.29420E-24    0.65691E-25    0.28280E-26   -0.65634E-25   -0.38762E-21    0.70912E-13
    0.41210E+07    0.11514E-21    0.22173E-22    0.16835E-23   -0.21584E-22   -0.14282E-18    0.80368E-13
    0.43710E+07    0.25985E-19    0.62310E-20    0.26188E-21   -0.62093E-20   -0.31369E-16    0.90414E-13
    0.46210E+07    0.37451E-17    0.86741E-18    0.42327E-19   -0.86691E-18   -0.43561E-14    0.10105E-12
    0.48710E+07    0.36807E-15    0.86169E-16    0.41266E-17   -0.85967E-16   -0.40283E-12    0.11252E-12
    0.51210E+07    0.24537E-13    0.57360E-14    0.28564E-15   -0.57159E-14   -0.25083E-10    0.13982E-12
    0.53710E+07    0.10884E-11    0.25609E-12    0.13145E-13   -0.25425E-12   -0.10207E-08    0.82364E-12
    0.55710E+07    0.16174E-10    0.38546E-11    0.20468E-12   -0.38008E-11   -0.13946E-07    0.10196E-10
    0.56710E+07    0.56570E-10    0.13880E-10    0.70056E-12   -0.13512E-10   -0.47814E-07    0.34765E-10
    0.57710E+07    0.20881E-09    0.56716E-10    0.23618E-11   -0.53994E-10   -0.18712E-06    0.12418E-09
    0.58710E+07    0.58051E-09    0.16093E-09    0.77329E-11   -0.15444E-09   -0.52040E-06    0.31341E-09
    0.59710E+07    0.14645E-08    0.40674E-09    0.19554E-10   -0.37435E-09   -0.11119E-05    0.72767E-09
    0.60210E+07    0.20360E-08    0.56290E-09    0.30157E-10   -0.52796E-09   -0.15547E-05    0.89321E-09
    0.60710E+07    0.26394E-08    0.71933E-09    0.41228E-10   -0.66419E-09   -0.19199E-05    0.98288E-09
    0.61210E+07    0.31118E-08    0.84576E-09    0.50871E-10   -0.75592E-09   -0.21491E-05    0.86437E-09
    0.61710E+07    0.31390E-08    0.86057E-09    0.53151E-10   -0.70969E-09   -0.19910E-05    0.35714E-09
    0.62210E+07    0.23423E-08    0.59867E-09    0.35621E-10   -0.34918E-09   -0.89755E-06   -0.63732E-09
    0.62460E+07    0.17004E-08    0.37817E-09    0.14053E-10   -0.74830E-10   -0.16481E-06   -0.12485E-08
    0.62710E+07    0.10754E-08    0.17445E-09   -0.18116E-10    0.20233E-09    0.32063E-06   -0.18186E-08
    0.62960E+07    0.60246E-09    0.40824E-10   -0.60824E-10    0.48836E-09    0.36999E-06   -0.22179E-08
    0.63210E+07    0.37058E-09    0.21230E-12   -0.11429E-09    0.89805E-09    0.35161E-07   -0.23110E-08
    0.63460E+07    0.77352E-09    0.53571E-10   -0.17567E-09    0.14299E-08   -0.76896E-06   -0.18179E-08
    0.63593E+07    0.15598E-08    0.17313E-09   -0.21183E-09    0.16370E-08   -0.16731E-05   -0.12195E-08
    0.63593E+07    0.16282E-08    0.25852E-09   -0.16572E-09    0.97048E-09   -0.22395E-05   -0.19003E-08
    0.63618E+07    0.21151E-08    0.35369E-09   -0.17083E-09    0.69235E-09   -0.27083E-05   -0.18593E-08
    0.63641E+07    0.19994E-08    0.33259E-09   -0.15618E-09    0.64839E-09   -0.23163E-05   -0.20954E-08
    0.63658E+07    0.16710E-08    0.40061E-09   -0.97745E-10    0.71489E-10   -0.20888E-05   -0.31994E-08
    0.63658E+07    0.26463E-09    0.54005E-10   -0.20451E-10    0.11250E-09   -0.16206E-06   -0.42675E-08
    0.63659E+07    0.26926E-09    0.55828E-10   -0.20467E-10    0.10798E-09   -0.16492E-06   -0.42695E-08
    0.63659E+07    0.00000E+00    0.59145E-10   -0.00000E+00    0.69517E-11    0.50689E-08   -0.29750E-08
    0.63710E+07    0.00000E+00    0.25210E-12    0.00000E+00   -0.25210E-12   -0.37815E-09   -0.30718E-08
