    0.10000E+01    0.00000E+00    0.00000E+00    0.00000E+00    0.00000E+00   -0.00000E+00    0.13466E-26
    0.20000E+05    0.00000E+00    0.00000E+00    0.00000E+00    0.00000E+00   -0.00000E+00    0.53864E-18
    0.40000E+05    0.00000E+00    0.00000E+00    0.00000E+00    0.00000E+00   -0.00000E+00    0.21546E-17
    0.60000E+05    0.00000E+00    0.00000E+00    0.00000E+00    0.00000E+00   -0.00000E+00    0.48478E-17
    0.80000E+05    0.00000E+00    0.00000E+00    0.00000E+00    0.00000E+00   -0.00000E+00    0.86183E-17
    0.10000E+06    0.00000E+00    0.00000E+00    0.00000E+00    0.00000E+00   -0.00000E+00    0.13466E-16
    0.12000E+06    0.00000E+00    0.00000E+00    0.00000E+00    0.00000E+00   -0.00000E+00    0.19391E-16
    0.14000E+06    0.00000E+00    0.00000E+00    0.00000E+00    0.00000E+00   -0.00000E+00    0.26394E-16
    0.16000E+06    0.00000E+00    0.00000E+00    0.00000E+00    0.00000E+00   -0.00000E+00    0.34473E-16
    0.18000E+06    0.00000E+00    0.00000E+00    0.00000E+00    0.00000E+00   -0.00000E+00    0.43630E-16
    0.20000E+06    0.00000E+00    0.00000E+00    0.00000E+00    0.00000E+00   -0.00000E+00    0.53864E-16
    0.22000E+06    0.00000E+00    0.00000E+00    0.00000E+00    0.00000E+00   -0.00000E+00    0.65176E-16
    0.24000E+06    0.00000E+00    0.00000E+00    0.00000E+00    0.00000E+00   -0.00000E+00    0.77565E-16
    0.26000E+06    0.00000E+00    0.00000E+00    0.00000E+00    0.00000E+00   -0.00000E+00    0.91031E-16
    0.28000E+06    0.00000E+00    0.00000E+00    0.00000E+00    0.00000E+00   -0.00000E+00    0.10557E-15
    0.30000E+06    0.00000E+00    0.00000E+00    0.00000E+00    0.00000E+00   -0.00000E+00    0.12119E-15
    0.32000E+06    0.00000E+00    0.00000E+00    0.00000E+00    0.00000E+00   -0.00000E+00    0.13789E-15
    0.34000E+06    0.00000E+00    0.00000E+00    0.00000E+00    0.00000E+00   -0.00000E+00    0.15567E-15
    0.36000E+06    0.00000E+00    0.00000E+00    0.00000E+00    0.00000E+00   -0.00000E+00    0.17452E-15
    0.38000E+06    0.00000E+00    0.00000E+00    0.00000E+00    0.00000E+00   -0.00000E+00    0.19445E-15
    0.40000E+06    0.00000E+00    0.00000E+00    0.00000E+00    0.00000E+00   -0.00000E+00    0.21546E-15
    0.42000E+06    0.00000E+00    0.00000E+00    0.00000E+00    0.00000E+00   -0.00000E+00    0.23754E-15
    0.44000E+06    0.00000E+00    0.00000E+00    0.00000E+00    0.00000E+00   -0.00000E+00    0.26070E-15
    0.46000E+06    0.00000E+00    0.00000E+00    0.00000E+00    0.00000E+00   -0.00000E+00    0.28494E-15
    0.48000E+06    0.00000E+00    0.00000E+00    0.00000E+00    0.00000E+00   -0.00000E+00    0.31026E-15
    0.50000E+06    0.00000E+00    0.00000E+00    0.00000E+00    0.00000E+00   -0.00000E+00    0.33665E-15
    0.52000E+06    0.00000E+00    0.00000E+00    0.00000E+00    0.00000E+00   -0.00000E+00    0.36412E-15
    0.54000E+06    0.00000E+00    0.00000E+00    0.00000E+00    0.00000E+00   -0.00000E+00    0.39267E-15
    0.56000E+06    0.00000E+00    0.00000E+00    0.00000E+00    0.00000E+00   -0.00000E+00    0.42230E-15
    0.58000E+06    0.00000E+00    0.00000E+00    0.00000E+00    0.00000E+00   -0.00000E+00    0.45300E-15
    0.60000E+06    0.00000E+00    0.00000E+00    0.00000E+00    0.00000E+00   -0.00000E+00    0.48478E-15
    0.62000E+06    0.00000E+00    0.00000E+00    0.00000E+00    0.00000E+00   -0.00000E+00    0.51764E-15
    0.64000E+06    0.00000E+00    0.00000E+00    0.00000E+00    0.00000E+00   -0.00000E+00    0.55157E-15
    0.66000E+06    0.00000E+00    0.00000E+00    0.00000E+00    0.00000E+00   -0.00000E+00    0.58658E-15
    0.68000E+06    0.00000E+00    0.00000E+00    0.00000E+00    0.00000E+00   -0.00000E+00    0.62267E-15
    0.70000E+06    0.00000E+00    0.00000E+00    0.00000E+00    0.00000E+00   -0.00000E+00    0.65984E-15
    0.72000E+06    0.00000E+00    0.00000E+00    0.00000E+00    0.00000E+00   -0.00000E+00    0.69808E-15
    0.74000E+06    0.00000E+00    0.00000E+00    0.00000E+00    0.00000E+00   -0.00000E+00    0.73740E-15
    0.76000E+06    0.00000E+00    0.00000E+00    0.00000E+00    0.00000E+00   -0.00000E+00    0.77780E-15
    0.78000E+06    0.00000E+00    0.00000E+00    0.00000E+00    0.00000E+00   -0.00000E+00    0.81928E-15
    0.80000E+06    0.00000E+00    0.00000E+00    0.00000E+00    0.00000E+00   -0.00000E+00    0.86183E-15
    0.82000E+06    0.00000E+00    0.00000E+00    0.00000E+00    0.00000E+00   -0.00000E+00    0.90546E-15
    0.84000E+06    0.00000E+00    0.00000E+00    0.00000E+00    0.00000E+00   -0.00000E+00    0.95017E-15
    0.86000E+06    0.00000E+00    0.00000E+00    0.00000E+00    0.00000E+00   -0.00000E+00    0.99595E-15
    0.88000E+06    0.00000E+00    0.00000E+00    0.00000E+00    0.00000E+00   -0.00000E+00    0.10428E-14
    0.90000E+06    0.00000E+00    0.00000E+00    0.00000E+00    0.00000E+00   -0.00000E+00    0.10908E-14
    0.92000E+06    0.00000E+00    0.00000E+00    0.00000E+00    0.00000E+00   -0.00000E+00    0.11398E-14
    0.94000E+06    0.00000E+00    0.00000E+00    0.00000E+00    0.00000E+00   -0.00000E+00    0.11899E-14
    0.96000E+06    0.00000E+00    0.00000E+00    0.00000E+00    0.00000E+00   -0.00000E+00    0.12410E-14
    0.98000E+06    0.00000E+00    0.00000E+00    0.00000E+00    0.00000E+00   -0.00000E+00    0.12933E-14
    0.10000E+07    0.00000E+00    0.00000E+00    0.00000E+00    0.00000E+00   -0.00000E+00    0.13466E-14
    0.10200E+07    0.00000E+00    0.00000E+00    0.00000E+00    0.00000E+00   -0.00000E+00    0.14010E-14
    0.10400E+07    0.00000E+00    0.00000E+00    0.00000E+00    0.00000E+00   -0.00000E+00    0.14565E-14
    0.10600E+07    0.00000E+00    0.00000E+00    0.00000E+00    0.00000E+00   -0.00000E+00    0.15130E-14
    0.10800E+07    0.00000E+00    0.00000E+00    0.00000E+00    0.00000E+00   -0.00000E+00    0.15707E-14
    0.11000E+07    0.00000E+00    0.00000E+00    0.00000E+00    0.00000E+00   -0.00000E+00    0.16294E-14
    0.11200E+07    0.00000E+00    0.00000E+00    0.00000E+00    0.00000E+00   -0.00000E+00    0.16892E-14
    0.11400E+07    0.00000E+00    0.00000E+00    0.00000E+00    0.00000E+00   -0.00000E+00    0.17501E-14
    0.11600E+07    0.00000E+00    0.00000E+00    0.00000E+00    0.00000E+00   -0.00000E+00    0.18120E-14
    0.11800E+07    0.00000E+00    0.00000E+00    0.00000E+00    0.00000E+00   -0.00000E+00    0.18750E-14
    0.12000E+07    0.00000E+00    0.00000E+00    0.00000E+00    0.00000E+00   -0.00000E+00    0.19391E-14
    0.12200E+07    0.00000E+00    0.00000E+00    0.00000E+00    0.00000E+00   -0.00000E+00    0.20043E-14
    0.12215E+07    0.00000E+00    0.00000E+00    0.00000E+00    0.00000E+00   -0.00000E+00    0.20092E-14
    0.12215E+07    0.00000E+00    0.00000E+00    0.00000E+00    0.00000E+00   -0.00000E+00    0.20092E-14
    0.12400E+07    0.00000E+00    0.00000E+00    0.00000E+00    0.00000E+00   -0.00000E+00    0.20705E-14
    0.12600E+07    0.00000E+00    0.00000E+00    0.00000E+00    0.00000E+00   -0.00000E+00    0.21379E-14
    0.12800E+07    0.00000E+00    0.00000E+00    0.00000E+00    0.00000E+00   -0.00000E+00    0.22063E-14
    0.13000E+07    0.00000E+00    0.00000E+00    0.00000E+00    0.00000E+00   -0.00000E+00    0.22758E-14
    0.13200E+07    0.00000E+00    0.00000E+00    0.00000E+00    0.00000E+00   -0.00000E+00    0.23463E-14
    0.13400E+07    0.00000E+00    0.00000E+00    0.00000E+00    0.00000E+00   -0.00000E+00    0.24180E-14
    0.13600E+07    0.00000E+00    0.00000E+00    0.00000E+00    0.00000E+00   -0.00000E+00    0.24907E-14
    0.13800E+07    0.00000E+00    0.00000E+00    0.00000E+00    0.00000E+00   -0.00000E+00    0.25645E-14
    0.14000E+07    0.00000E+00    0.00000E+00    0.00000E+00    0.00000E+00   -0.00000E+00    0.26394E-14
    0.14200E+07    0.00000E+00    0.00000E+00    0.00000E+00    0.00000E+00   -0.00000E+00    0.27153E-14
    0.14400E+07    0.00000E+00    0.00000E+00    0.00000E+00    0.00000E+00   -0.00000E+00    0.27923E-14
    0.14600E+07    0.00000E+00    0.00000E+00    0.00000E+00    0.00000E+00   -0.00000E+00    0.28704E-14
    0.14800E+07    0.00000E+00    0.00000E+00    0.00000E+00    0.00000E+00   -0.00000E+00    0.29496E-14
    0.15000E+07    0.00000E+00    0.00000E+00    0.00000E+00    0.00000E+00   -0.00000E+00    0.30299E-14
    0.15200E+07    0.00000E+00    0.00000E+00    0.00000E+00    0.00000E+00   -0.00000E+00    0.31112E-14
    0.15400E+07    0.00000E+00    0.00000E+00    0.00000E+00    0.00000E+00   -0.00000E+00    0.31936E-14
    0.15600E+07    0.00000E+00    0.00000E+00    0.00000E+00    0.00000E+00   -0.00000E+00    0.32771E-14
    0.15800E+07    0.00000E+00    0.00000E+00    0.00000E+00    0.00000E+00   -0.00000E+00    0.33617E-14
    0.16000E+07    0.00000E+00    0.00000E+00    0.00000E+00    0.00000E+00   -0.00000E+00    0.34473E-14
    0.16200E+07    0.00000E+00    0.00000E+00    0.00000E+00    0.00000E+00   -0.00000E+00    0.35340E-14
    0.16400E+07    0.00000E+00    0.00000E+00    0.00000E+00    0.00000E+00   -0.00000E+00    0.36218E-14
    0.16600E+07    0.00000E+00    0.00000E+00    0.00000E+00    0.00000E+00   -0.00000E+00    0.37107E-14
    0.16800E+07    0.00000E+00    0.00000E+00    0.00000E+00    0.00000E+00   -0.00000E+00    0.38007E-14
    0.17000E+07    0.00000E+00    0.00000E+00    0.00000E+00    0.00000E+00   -0.00000E+00    0.38917E-14
    0.17200E+07    0.00000E+00    0.00000E+00    0.00000E+00    0.00000E+00   -0.00000E+00    0.39838E-14
    0.17400E+07    0.00000E+00    0.00000E+00    0.00000E+00    0.00000E+00   -0.00000E+00    0.40770E-14
    0.17600E+07    0.00000E+00    0.00000E+00    0.00000E+00    0.00000E+00   -0.00000E+00    0.41713E-14
    0.17800E+07    0.00000E+00    0.00000E+00    0.00000E+00    0.00000E+00   -0.00000E+00    0.42666E-14
    0.18000E+07    0.00000E+00    0.00000E+00    0.00000E+00    0.00000E+00   -0.00000E+00    0.43630E-14
    0.18200E+07    0.00000E+00    0.00000E+00    0.00000E+00    0.00000E+00   -0.00000E+00    0.44605E-14
    0.18400E+07    0.00000E+00    0.00000E+00    0.00000E+00    0.00000E+00   -0.00000E+00    0.45591E-14
    0.18600E+07    0.00000E+00    0.00000E+00    0.00000E+00    0.00000E+00   -0.00000E+00    0.46587E-14
    0.18800E+07    0.00000E+00    0.00000E+00    0.00000E+00    0.00000E+00   -0.00000E+00    0.47595E-14
    0.19000E+07    0.00000E+00    0.00000E+00    0.00000E+00    0.00000E+00   -0.00000E+00    0.48613E-14
    0.19200E+07    0.00000E+00    0.00000E+00    0.00000E+00    0.00000E+00   -0.00000E+00    0.49641E-14
    0.19400E+07    0.00000E+00    0.00000E+00    0.00000E+00    0.00000E+00   -0.00000E+00    0.50681E-14
    0.19600E+07    0.00000E+00    0.00000E+00    0.00000E+00    0.00000E+00   -0.00000E+00    0.51731E-14
    0.19800E+07    0.00000E+00    0.00000E+00    0.00000E+00    0.00000E+00   -0.00000E+00    0.52792E-14
    0.20000E+07    0.00000E+00    0.00000E+00    0.00000E+00    0.00000E+00   -0.00000E+00    0.53864E-14
    0.20200E+07    0.00000E+00    0.00000E+00    0.00000E+00    0.00000E+00   -0.00000E+00    0.54947E-14
    0.20400E+07    0.00000E+00    0.00000E+00    0.00000E+00    0.00000E+00   -0.00000E+00    0.56040E-14
    0.20600E+07    0.00000E+00    0.00000E+00    0.00000E+00    0.00000E+00   -0.00000E+00    0.57145E-14
    0.20800E+07    0.00000E+00    0.00000E+00    0.00000E+00    0.00000E+00   -0.00000E+00    0.58260E-14
    0.21000E+07    0.00000E+00    0.00000E+00    0.00000E+00    0.00000E+00   -0.00000E+00    0.59385E-14
    0.21200E+07    0.00000E+00    0.00000E+00    0.00000E+00    0.00000E+00   -0.00000E+00    0.60522E-14
    0.21400E+07    0.00000E+00    0.00000E+00    0.00000E+00    0.00000E+00   -0.00000E+00    0.61669E-14
    0.21600E+07    0.00000E+00    0.00000E+00    0.00000E+00    0.00000E+00   -0.00000E+00    0.62827E-14
    0.21800E+07    0.00000E+00    0.00000E+00    0.00000E+00    0.00000E+00   -0.00000E+00    0.63996E-14
    0.22000E+07    0.00000E+00    0.00000E+00    0.00000E+00    0.00000E+00   -0.00000E+00    0.65176E-14
    0.22200E+07    0.00000E+00    0.00000E+00    0.00000E+00    0.00000E+00   -0.00000E+00    0.66366E-14
    0.22400E+07    0.00000E+00    0.00000E+00    0.00000E+00    0.00000E+00   -0.00000E+00    0.67567E-14
    0.22600E+07    0.00000E+00    0.00000E+00    0.00000E+00    0.00000E+00   -0.00000E+00    0.68779E-14
    0.22800E+07    0.00000E+00    0.00000E+00    0.00000E+00    0.00000E+00   -0.00000E+00    0.70002E-14
    0.23000E+07    0.00000E+00    0.00000E+00    0.00000E+00    0.00000E+00   -0.00000E+00    0.71236E-14
    0.23200E+07    0.00000E+00    0.00000E+00    0.00000E+00    0.00000E+00   -0.00000E+00    0.72480E-14
    0.23400E+07    0.00000E+00    0.00000E+00    0.00000E+00    0.00000E+00   -0.00000E+00    0.73735E-14
    0.23600E+07    0.00000E+00    0.00000E+00    0.00000E+00    0.00000E+00   -0.00000E+00    0.75001E-14
    0.23800E+07    0.00000E+00    0.00000E+00    0.00000E+00    0.00000E+00   -0.00000E+00    0.76277E-14
    0.24000E+07    0.00000E+00    0.00000E+00    0.00000E+00    0.00000E+00   -0.00000E+00    0.77565E-14
    0.24200E+07    0.00000E+00    0.00000E+00    0.00000E+00    0.00000E+00   -0.00000E+00    0.78863E-14
    0.24400E+07    0.00000E+00    0.00000E+00    0.00000E+00    0.00000E+00   -0.00000E+00    0.80172E-14
    0.24600E+07    0.00000E+00    0.00000E+00    0.00000E+00    0.00000E+00   -0.00000E+00    0.81491E-14
    0.24800E+07    0.00000E+00    0.00000E+00    0.00000E+00    0.00000E+00   -0.00000E+00    0.82822E-14
    0.25000E+07    0.00000E+00    0.00000E+00    0.00000E+00    0.00000E+00   -0.00000E+00    0.84163E-14
    0.25200E+07    0.00000E+00    0.00000E+00    0.00000E+00    0.00000E+00   -0.00000E+00    0.85515E-14
    0.25400E+07    0.00000E+00    0.00000E+00    0.00000E+00    0.00000E+00   -0.00000E+00    0.86878E-14
    0.25600E+07    0.00000E+00    0.00000E+00    0.00000E+00    0.00000E+00   -0.00000E+00    0.88251E-14
    0.25800E+07    0.00000E+00    0.00000E+00    0.00000E+00    0.00000E+00   -0.00000E+00    0.89636E-14
    0.26000E+07    0.00000E+00    0.00000E+00    0.00000E+00    0.00000E+00   -0.00000E+00    0.91031E-14
    0.26200E+07    0.00000E+00    0.00000E+00    0.00000E+00    0.00000E+00   -0.00000E+00    0.92437E-14
    0.26400E+07    0.00000E+00    0.00000E+00    0.00000E+00    0.00000E+00   -0.00000E+00    0.93853E-14
    0.26600E+07    0.00000E+00    0.00000E+00    0.00000E+00    0.00000E+00   -0.00000E+00    0.95281E-14
    0.26800E+07    0.00000E+00    0.00000E+00    0.00000E+00    0.00000E+00   -0.00000E+00    0.96719E-14
    0.27000E+07    0.00000E+00    0.00000E+00    0.00000E+00    0.00000E+00   -0.00000E+00    0.98168E-14
    0.27200E+07    0.00000E+00    0.00000E+00    0.00000E+00    0.00000E+00   -0.00000E+00    0.99627E-14
    0.27400E+07    0.00000E+00    0.00000E+00    0.00000E+00    0.00000E+00   -0.00000E+00    0.10110E-13
    0.27600E+07    0.00000E+00    0.00000E+00    0.00000E+00    0.00000E+00   -0.00000E+00    0.10258E-13
    0.27800E+07    0.00000E+00    0.00000E+00    0.00000E+00    0.00000E+00   -0.00000E+00    0.10407E-13
    0.28000E+07    0.00000E+00    0.00000E+00    0.00000E+00    0.00000E+00   -0.00000E+00    0.10557E-13
    0.28200E+07    0.00000E+00    0.00000E+00    0.00000E+00    0.00000E+00   -0.00000E+00    0.10709E-13
    0.28400E+07    0.00000E+00    0.00000E+00    0.00000E+00    0.00000E+00   -0.00000E+00    0.10861E-13
    0.28600E+07    0.00000E+00    0.00000E+00    0.00000E+00    0.00000E+00   -0.00000E+00    0.11015E-13
    0.28800E+07    0.00000E+00    0.00000E+00    0.00000E+00    0.00000E+00   -0.00000E+00    0.11169E-13
    0.29000E+07    0.00000E+00    0.93650E-31    0.00000E+00   -0.93395E-31   -0.87958E-27    0.11325E-13
    0.29200E+07    0.00000E+00    0.16355E-30    0.00000E+00   -0.16308E-30   -0.15333E-26    0.11482E-13
    0.29400E+07    0.00000E+00    0.28422E-30    0.00000E+00   -0.28338E-30   -0.26597E-26    0.11640E-13
    0.29600E+07    0.00000E+00    0.61171E-30    0.00000E+00   -0.60983E-30   -0.57130E-26    0.11798E-13
    0.29800E+07    0.00000E+00    0.10567E-29    0.00000E+00   -0.10533E-29   -0.98503E-26    0.11958E-13
    0.30000E+07    0.00000E+00    0.18175E-29    0.00000E+00   -0.18114E-29   -0.16910E-25    0.12119E-13
    0.30200E+07    0.00000E+00    0.31131E-29    0.00000E+00   -0.31023E-29   -0.28910E-25    0.12282E-13
    0.30400E+07    0.00000E+00    0.53107E-29    0.00000E+00   -0.52914E-29   -0.49222E-25    0.12445E-13
    0.30600E+07    0.00000E+00    0.90237E-29    0.00000E+00   -0.89895E-29   -0.83472E-25    0.12609E-13
    0.30800E+07    0.00000E+00    0.15272E-28    0.00000E+00   -0.15212E-28   -0.14100E-24    0.12774E-13
    0.31000E+07    0.00000E+00    0.25748E-28    0.00000E+00   -0.25642E-28   -0.23723E-24    0.12941E-13
    0.31200E+07    0.00000E+00    0.43243E-28    0.00000E+00   -0.43057E-28   -0.39763E-24    0.13108E-13
    0.31400E+07    0.00000E+00    0.72350E-28    0.00000E+00   -0.72025E-28   -0.66393E-24    0.13277E-13
    0.31600E+07    0.00000E+00    0.12059E-27    0.00000E+00   -0.12003E-27   -0.11044E-23    0.13447E-13
    0.31800E+07    0.00000E+00    0.20027E-27    0.00000E+00   -0.19929E-27   -0.18302E-23    0.13617E-13
    0.32000E+07    0.00000E+00    0.33135E-27    0.00000E+00   -0.32966E-27   -0.30219E-23    0.13789E-13
    0.32200E+07    0.00000E+00    0.54623E-27    0.00000E+00   -0.54333E-27   -0.49713E-23    0.13962E-13
    0.32400E+07    0.00000E+00    0.89723E-27    0.00000E+00   -0.89226E-27   -0.81485E-23    0.14136E-13
    0.32600E+07    0.00000E+00    0.14685E-26    0.00000E+00   -0.14600E-26   -0.13308E-22    0.14311E-13
    0.32800E+07    0.00000E+00    0.23950E-26    0.00000E+00   -0.23805E-26   -0.21658E-22    0.14487E-13
    0.33000E+07    0.00000E+00    0.38922E-26    0.00000E+00   -0.38677E-26   -0.35122E-22    0.14665E-13
    0.33200E+07    0.00000E+00    0.63034E-26    0.00000E+00   -0.62620E-26   -0.56756E-22    0.14843E-13
    0.33400E+07    0.00000E+00    0.10173E-25    0.00000E+00   -0.10103E-25   -0.91397E-22    0.15022E-13
    0.33600E+07    0.00000E+00    0.16362E-25    0.00000E+00   -0.16245E-25   -0.14668E-21    0.15203E-13
    0.33800E+07    0.00000E+00    0.26226E-25    0.00000E+00   -0.26030E-25   -0.23458E-21    0.15384E-13
    0.34000E+07    0.00000E+00    0.41896E-25    0.00000E+00   -0.41568E-25   -0.37390E-21    0.15567E-13
    0.34200E+07    0.00000E+00    0.66703E-25    0.00000E+00   -0.66158E-25   -0.59395E-21    0.15750E-13
    0.34400E+07    0.00000E+00    0.10584E-24    0.00000E+00   -0.10494E-24   -0.94036E-21    0.15935E-13
    0.34600E+07    0.00000E+00    0.16740E-24    0.00000E+00   -0.16590E-24   -0.14839E-20    0.16121E-13
    0.34800E+07    0.00000E+00    0.26388E-24    0.00000E+00   -0.26142E-24   -0.23337E-20    0.16308E-13
    0.34800E+07    0.16608E-24    0.29538E-25    0.12241E-25    0.51835E-25   -0.47504E-21    0.16308E-13
    0.34850E+07    0.14442E-24    0.24572E-25    0.11639E-25    0.47505E-25   -0.40290E-21    0.16355E-13
    0.34900E+07    0.13497E-24    0.21015E-25    0.11105E-25    0.42856E-25   -0.34836E-21    0.16402E-13
    0.34950E+07    0.13541E-24    0.18572E-25    0.10644E-25    0.38055E-25   -0.30807E-21    0.16449E-13
    0.35000E+07    0.14394E-24    0.17028E-25    0.10260E-25    0.33203E-25   -0.27942E-21    0.16496E-13
    0.35050E+07    0.15918E-24    0.16235E-25    0.99550E-26    0.28346E-25   -0.26040E-21    0.16543E-13
    0.35100E+07    0.18009E-24    0.16104E-25    0.97318E-26    0.23487E-25   -0.24954E-21    0.16590E-13
    0.35150E+07    0.20596E-24    0.16588E-25    0.95911E-26    0.18594E-25   -0.24579E-21    0.16638E-13
    0.35200E+07    0.23632E-24    0.17683E-25    0.95340E-26    0.13604E-25   -0.24847E-21    0.16685E-13
    0.35250E+07    0.27089E-24    0.19415E-25    0.95615E-26    0.84304E-26   -0.25719E-21    0.16732E-13
    0.35300E+07    0.30962E-24    0.21839E-25    0.96752E-26    0.29643E-26   -0.27185E-21    0.16780E-13
    0.35350E+07    0.35258E-24    0.25035E-25    0.98768E-26   -0.29211E-26   -0.29255E-21    0.16828E-13
    0.35400E+07    0.40001E-24    0.29107E-25    0.10169E-25   -0.93702E-26   -0.31962E-21    0.16875E-13
    0.35450E+07    0.45226E-24    0.34178E-25    0.10555E-25   -0.16543E-25   -0.35354E-21    0.16923E-13
    0.35500E+07    0.50981E-24    0.40392E-25    0.11039E-25   -0.24615E-25   -0.39499E-21    0.16971E-13
    0.35550E+07    0.57324E-24    0.47914E-25    0.11626E-25   -0.33779E-25   -0.44480E-21    0.17018E-13
    0.35600E+07    0.64328E-24    0.56927E-25    0.12322E-25   -0.44246E-25   -0.50394E-21    0.17066E-13
    0.35650E+07    0.72073E-24    0.67640E-25    0.13136E-25   -0.56243E-25   -0.57358E-21    0.17114E-13
    0.35700E+07    0.80654E-24    0.80281E-25    0.14075E-25   -0.70020E-25   -0.65500E-21    0.17162E-13
    0.35750E+07    0.90176E-24    0.95106E-25    0.15152E-25   -0.85848E-25   -0.74968E-21    0.17210E-13
    0.35800E+07    0.10076E-23    0.11239E-24    0.16377E-25   -0.10402E-24   -0.85929E-21    0.17259E-13
    0.35850E+07    0.11253E-23    0.13246E-24    0.17765E-25   -0.12487E-24   -0.98567E-21    0.17307E-13
    0.35900E+07    0.12565E-23    0.15565E-24    0.19333E-25   -0.14875E-24   -0.11309E-20    0.17355E-13
    0.35950E+07    0.14028E-23    0.18234E-24    0.21097E-25   -0.17606E-24   -0.12972E-20    0.17404E-13
    0.36000E+07    0.15660E-23    0.21296E-24    0.23080E-25   -0.20722E-24   -0.14873E-20    0.17452E-13
    0.36050E+07    0.17482E-23    0.24799E-24    0.25305E-25   -0.24271E-24   -0.17039E-20    0.17501E-13
    0.36100E+07    0.19516E-23    0.28793E-24    0.27797E-25   -0.28308E-24   -0.19502E-20    0.17549E-13
    0.36150E+07    0.21788E-23    0.33337E-24    0.30587E-25   -0.32889E-24   -0.22297E-20    0.17598E-13
    0.36200E+07    0.24327E-23    0.38497E-24    0.33709E-25   -0.38080E-24   -0.25463E-20    0.17646E-13
    0.36250E+07    0.27163E-23    0.44342E-24    0.37198E-25   -0.43953E-24   -0.29043E-20    0.17695E-13
    0.36300E+07    0.30332E-23    0.50953E-24    0.41098E-25   -0.50588E-24   -0.33087E-20    0.17744E-13
    0.36300E+07    0.30332E-23    0.50954E-24    0.41098E-25   -0.50589E-24   -0.33087E-20    0.17744E-13
    0.36350E+07    0.33892E-23    0.58440E-24    0.45442E-25   -0.58099E-24   -0.37632E-20    0.17793E-13
    0.36400E+07    0.37871E-23    0.66889E-24    0.50298E-25   -0.66569E-24   -0.42753E-20    0.17842E-13
    0.36450E+07    0.42318E-23    0.76415E-24    0.55723E-25   -0.76112E-24   -0.48517E-20    0.17891E-13
    0.36500E+07    0.47288E-23    0.87140E-24    0.61783E-25   -0.86852E-24   -0.54999E-20    0.17940E-13
    0.36550E+07    0.52840E-23    0.99202E-24    0.68552E-25   -0.98927E-24   -0.62281E-20    0.17989E-13
    0.36600E+07    0.59042E-23    0.11276E-23    0.76109E-25   -0.11249E-23   -0.70453E-20    0.18039E-13
    0.36650E+07    0.65970E-23    0.12797E-23    0.84548E-25   -0.12772E-23   -0.79619E-20    0.18088E-13
    0.36700E+07    0.73708E-23    0.14504E-23    0.93967E-25   -0.14479E-23   -0.89890E-20    0.18137E-13
    0.36750E+07    0.82347E-23    0.16418E-23    0.10448E-24   -0.16393E-23   -0.10139E-19    0.18187E-13
    0.36800E+07    0.91992E-23    0.18562E-23    0.11622E-24   -0.18537E-23   -0.11427E-19    0.18236E-13
    0.36850E+07    0.10276E-22    0.20961E-23    0.12931E-24   -0.20937E-23   -0.12867E-19    0.18286E-13
    0.36900E+07    0.11477E-22    0.23647E-23    0.14392E-24   -0.23623E-23   -0.14477E-19    0.18336E-13
    0.36950E+07    0.12818E-22    0.26650E-23    0.16021E-24   -0.26626E-23   -0.16277E-19    0.18385E-13
    0.37000E+07    0.14314E-22    0.30008E-23    0.17839E-24   -0.29983E-23   -0.18287E-19    0.18435E-13
    0.37050E+07    0.15982E-22    0.33759E-23    0.19867E-24   -0.33734E-23   -0.20531E-19    0.18485E-13
    0.37100E+07    0.17843E-22    0.37950E-23    0.22127E-24   -0.37924E-23   -0.23036E-19    0.18535E-13
    0.37150E+07    0.19918E-22    0.42629E-23    0.24648E-24   -0.42602E-23   -0.25831E-19    0.18585E-13
    0.37200E+07    0.22232E-22    0.47852E-23    0.27458E-24   -0.47823E-23   -0.28949E-19    0.18635E-13
    0.37250E+07    0.24811E-22    0.53680E-23    0.30590E-24   -0.53649E-23   -0.32425E-19    0.18685E-13
    0.37300E+07    0.27685E-22    0.60180E-23    0.34081E-24   -0.60148E-23   -0.36300E-19    0.18735E-13
    0.37350E+07    0.30888E-22    0.67430E-23    0.37970E-24   -0.67396E-23   -0.40618E-19    0.18785E-13
    0.37400E+07    0.34457E-22    0.75512E-23    0.42304E-24   -0.75476E-23   -0.45429E-19    0.18836E-13
    0.37450E+07    0.38433E-22    0.84521E-23    0.47132E-24   -0.84482E-23   -0.50788E-19    0.18886E-13
    0.37500E+07    0.42861E-22    0.94559E-23    0.52510E-24   -0.94517E-23   -0.56755E-19    0.18937E-13
    0.37550E+07    0.47792E-22    0.10574E-22    0.58499E-24   -0.10570E-22   -0.63399E-19    0.18987E-13
    0.37600E+07    0.53283E-22    0.11820E-22    0.65167E-24   -0.11815E-22   -0.70793E-19    0.19038E-13
    0.37650E+07    0.59397E-22    0.13207E-22    0.72592E-24   -0.13202E-22   -0.79022E-19    0.19088E-13
    0.37700E+07    0.66202E-22    0.14751E-22    0.80856E-24   -0.14745E-22   -0.88178E-19    0.19139E-13
    0.37750E+07    0.73775E-22    0.16471E-22    0.90055E-24   -0.16464E-22   -0.98362E-19    0.19190E-13
    0.37800E+07    0.82203E-22    0.18384E-22    0.10029E-23   -0.18376E-22   -0.10969E-18    0.19241E-13
    0.37850E+07    0.91580E-22    0.20512E-22    0.11168E-23   -0.20504E-22   -0.12228E-18    0.19292E-13
    0.37900E+07    0.10201E-21    0.22881E-22    0.12435E-23   -0.22872E-22   -0.13629E-18    0.19343E-13
    0.37950E+07    0.11361E-21    0.25515E-22    0.13845E-23   -0.25505E-22   -0.15185E-18    0.19394E-13
    0.38000E+07    0.12652E-21    0.28444E-22    0.15413E-23   -0.28433E-22   -0.16915E-18    0.19445E-13
    0.38050E+07    0.14087E-21    0.31701E-22    0.17156E-23   -0.31689E-22   -0.18837E-18    0.19496E-13
    0.38100E+07    0.15682E-21    0.35323E-22    0.19094E-23   -0.35309E-22   -0.20972E-18    0.19547E-13
    0.38150E+07    0.17455E-21    0.39347E-22    0.21249E-23   -0.39333E-22   -0.23344E-18    0.19599E-13
    0.38200E+07    0.19426E-21    0.43821E-22    0.23644E-23   -0.43804E-22   -0.25978E-18    0.19650E-13
    0.38250E+07    0.21616E-21    0.48791E-22    0.26306E-23   -0.48772E-22   -0.28903E-18    0.19702E-13
    0.38300E+07    0.24050E-21    0.54313E-22    0.29264E-23   -0.54292E-22   -0.32151E-18    0.19753E-13
    0.38350E+07    0.26754E-21    0.60446E-22    0.32551E-23   -0.60423E-22   -0.35756E-18    0.19805E-13
    0.38400E+07    0.29757E-21    0.67259E-22    0.36201E-23   -0.67233E-22   -0.39757E-18    0.19857E-13
    0.38450E+07    0.33093E-21    0.74823E-22    0.40256E-23   -0.74795E-22   -0.44198E-18    0.19908E-13
    0.38500E+07    0.36797E-21    0.83222E-22    0.44760E-23   -0.83190E-22   -0.49124E-18    0.19960E-13
    0.38550E+07    0.40909E-21    0.92546E-22    0.49761E-23   -0.92510E-22   -0.54591E-18    0.20012E-13
    0.38600E+07    0.45475E-21    0.10289E-21    0.55309E-23   -0.10285E-21   -0.60649E-18    0.20064E-13
    0.38650E+07    0.50542E-21    0.11439E-21    0.61485E-23   -0.11435E-21   -0.67389E-18    0.20116E-13
    0.38700E+07    0.56168E-21    0.12707E-21    0.68273E-23   -0.12702E-21   -0.74779E-18    0.20168E-13
    0.38710E+07    0.57981E-21    0.13089E-21    0.69274E-23   -0.13087E-21   -0.75934E-18    0.20178E-13
    0.41210E+07    0.75874E-19    0.14668E-19    0.14429E-20   -0.14131E-19   -0.96789E-16    0.22869E-13
    0.43710E+07    0.61829E-17    0.14709E-17    0.75803E-19   -0.14637E-17   -0.73181E-14    0.25732E-13
    0.46210E+07    0.34642E-15    0.80846E-16    0.48247E-17   -0.80765E-16   -0.40276E-12    0.28979E-13
    0.48710E+07    0.13967E-13    0.32880E-14    0.19280E-15   -0.32760E-14   -0.15176E-10    0.40943E-13
    0.51210E+07    0.40256E-12    0.95031E-13    0.57941E-14   -0.94499E-13   -0.40867E-09    0.29133E-12
    0.53710E+07    0.80857E-11    0.19281E-11    0.12129E-12   -0.19062E-11   -0.75008E-08    0.50909E-11
    0.55710E+07    0.65685E-10    0.15952E-10    0.10376E-11   -0.15602E-10   -0.55745E-07    0.40244E-10
    0.56710E+07    0.17144E-09    0.42957E-10    0.26485E-11   -0.41254E-10   -0.14154E-06    0.10319E-09
    0.57710E+07    0.47864E-09    0.13321E-09    0.66112E-11   -0.12378E-09   -0.41304E-06    0.28126E-09
    0.58710E+07    0.10198E-08    0.29721E-09    0.16671E-10   -0.27796E-09   -0.89657E-06    0.53740E-09
    0.59710E+07    0.19892E-08    0.59127E-09    0.32623E-10   -0.52258E-09   -0.14739E-05    0.94779E-09
    0.60210E+07    0.24264E-08    0.72376E-09    0.44354E-10   -0.64745E-09   -0.17999E-05    0.98256E-09
    0.60710E+07    0.27552E-08    0.81734E-09    0.53299E-10   -0.70844E-09   -0.19218E-05    0.87482E-09
    0.61210E+07    0.28295E-08    0.84002E-09    0.56757E-10   -0.68102E-09   -0.18016E-05    0.52415E-09
    0.61710E+07    0.24631E-08    0.73227E-09    0.48587E-10   -0.49937E-09   -0.12861E-05   -0.15127E-09
    0.62210E+07    0.15672E-08    0.42444E-09    0.18784E-10   -0.10182E-09   -0.23116E-06   -0.11142E-08
    0.62460E+07    0.10458E-08    0.23986E-09   -0.77712E-11    0.12921E-09    0.23887E-06   -0.16165E-08
    0.62710E+07    0.61901E-09    0.92366E-10   -0.43012E-10    0.34835E-09    0.42329E-06   -0.20318E-08
    0.62960E+07    0.37289E-09    0.12532E-10   -0.86262E-10    0.57669E-09    0.25279E-06   -0.22642E-08
    0.63210E+07    0.32475E-09    0.17566E-11   -0.13760E-09    0.92017E-09   -0.11033E-06   -0.22489E-08
    0.63460E+07    0.76616E-09    0.60235E-10   -0.19370E-09    0.13305E-08   -0.79995E-06   -0.18052E-08
    0.63593E+07    0.14220E-08    0.16024E-09   -0.22609E-09    0.14558E-08   -0.15267E-05   -0.13601E-08
    0.63593E+07    0.14836E-08    0.23935E-09   -0.17688E-09    0.85390E-09   -0.20439E-05   -0.19676E-08
    0.63618E+07    0.18964E-08    0.31985E-09   -0.18144E-09    0.60176E-09   -0.24292E-05   -0.19500E-08
    0.63641E+07    0.17706E-08    0.29620E-09   -0.16516E-09    0.56208E-09   -0.20513E-05   -0.21739E-08
    0.63658E+07    0.14672E-08    0.35326E-09   -0.10306E-09    0.56280E-10   -0.18341E-05   -0.31422E-08
    0.63658E+07    0.24674E-09    0.53702E-10   -0.21564E-10    0.81067E-10   -0.15111E-06   -0.40718E-08
    0.63659E+07    0.25038E-09    0.55229E-10   -0.21578E-10    0.77475E-10   -0.15336E-06   -0.40733E-08
    0.63659E+07    0.00000E+00    0.43147E-10    0.00000E+00    0.36930E-11    0.27129E-08   -0.28527E-08
    0.63710E+07    0.00000E+00    0.21026E-12    0.00000E+00   -0.21026E-12   -0.31539E-09   -0.29234E-08
