    0.10000E+01    0.00000E+00    0.00000E+00    0.00000E+00    0.00000E+00   -0.00000E+00   -0.12941E-26
    0.20000E+05    0.00000E+00    0.00000E+00    0.00000E+00    0.00000E+00   -0.00000E+00   -0.51765E-18
    0.40000E+05    0.00000E+00    0.00000E+00    0.00000E+00    0.00000E+00   -0.00000E+00   -0.20706E-17
    0.60000E+05    0.00000E+00    0.00000E+00    0.00000E+00    0.00000E+00   -0.00000E+00   -0.46588E-17
    0.80000E+05    0.00000E+00    0.00000E+00    0.00000E+00    0.00000E+00   -0.00000E+00   -0.82823E-17
    0.10000E+06    0.00000E+00    0.00000E+00    0.00000E+00    0.00000E+00   -0.00000E+00   -0.12941E-16
    0.12000E+06    0.00000E+00    0.00000E+00    0.00000E+00    0.00000E+00   -0.00000E+00   -0.18635E-16
    0.14000E+06    0.00000E+00    0.00000E+00    0.00000E+00    0.00000E+00   -0.00000E+00   -0.25365E-16
    0.16000E+06    0.00000E+00    0.00000E+00    0.00000E+00    0.00000E+00   -0.00000E+00   -0.33129E-16
    0.18000E+06    0.00000E+00    0.00000E+00    0.00000E+00    0.00000E+00   -0.00000E+00   -0.41929E-16
    0.20000E+06    0.00000E+00    0.00000E+00    0.00000E+00    0.00000E+00   -0.00000E+00   -0.51765E-16
    0.22000E+06    0.00000E+00    0.00000E+00    0.00000E+00    0.00000E+00   -0.00000E+00   -0.62635E-16
    0.24000E+06    0.00000E+00    0.00000E+00    0.00000E+00    0.00000E+00   -0.00000E+00   -0.74541E-16
    0.26000E+06    0.00000E+00    0.00000E+00    0.00000E+00    0.00000E+00   -0.00000E+00   -0.87482E-16
    0.28000E+06    0.00000E+00    0.00000E+00    0.00000E+00    0.00000E+00   -0.00000E+00   -0.10146E-15
    0.30000E+06    0.00000E+00    0.00000E+00    0.00000E+00    0.00000E+00   -0.00000E+00   -0.11647E-15
    0.32000E+06    0.00000E+00    0.00000E+00    0.00000E+00    0.00000E+00   -0.00000E+00   -0.13252E-15
    0.34000E+06    0.00000E+00    0.00000E+00    0.00000E+00    0.00000E+00   -0.00000E+00   -0.14960E-15
    0.36000E+06    0.00000E+00    0.00000E+00    0.00000E+00    0.00000E+00   -0.00000E+00   -0.16772E-15
    0.38000E+06    0.00000E+00    0.00000E+00    0.00000E+00    0.00000E+00   -0.00000E+00   -0.18687E-15
    0.40000E+06    0.00000E+00    0.00000E+00    0.00000E+00    0.00000E+00   -0.00000E+00   -0.20706E-15
    0.42000E+06    0.00000E+00    0.00000E+00    0.00000E+00    0.00000E+00   -0.00000E+00   -0.22828E-15
    0.44000E+06    0.00000E+00    0.00000E+00    0.00000E+00    0.00000E+00   -0.00000E+00   -0.25054E-15
    0.46000E+06    0.00000E+00    0.00000E+00    0.00000E+00    0.00000E+00   -0.00000E+00   -0.27383E-15
    0.48000E+06    0.00000E+00    0.00000E+00    0.00000E+00    0.00000E+00   -0.00000E+00   -0.29816E-15
    0.50000E+06    0.00000E+00    0.00000E+00    0.00000E+00    0.00000E+00   -0.00000E+00   -0.32353E-15
    0.52000E+06    0.00000E+00    0.00000E+00    0.00000E+00    0.00000E+00   -0.00000E+00   -0.34993E-15
    0.54000E+06    0.00000E+00    0.00000E+00    0.00000E+00    0.00000E+00   -0.00000E+00   -0.37736E-15
    0.56000E+06    0.00000E+00    0.00000E+00    0.00000E+00    0.00000E+00   -0.00000E+00   -0.40583E-15
    0.58000E+06    0.00000E+00    0.00000E+00    0.00000E+00    0.00000E+00   -0.00000E+00   -0.43534E-15
    0.60000E+06    0.00000E+00    0.00000E+00    0.00000E+00    0.00000E+00   -0.00000E+00   -0.46588E-15
    0.62000E+06    0.00000E+00    0.00000E+00    0.00000E+00    0.00000E+00   -0.00000E+00   -0.49746E-15
    0.64000E+06    0.00000E+00    0.00000E+00    0.00000E+00    0.00000E+00   -0.00000E+00   -0.53007E-15
    0.66000E+06    0.00000E+00    0.00000E+00    0.00000E+00    0.00000E+00   -0.00000E+00   -0.56372E-15
    0.68000E+06    0.00000E+00    0.00000E+00    0.00000E+00    0.00000E+00   -0.00000E+00   -0.59840E-15
    0.70000E+06    0.00000E+00    0.00000E+00    0.00000E+00    0.00000E+00   -0.00000E+00   -0.63412E-15
    0.72000E+06    0.00000E+00    0.00000E+00    0.00000E+00    0.00000E+00   -0.00000E+00   -0.67087E-15
    0.74000E+06    0.00000E+00    0.00000E+00    0.00000E+00    0.00000E+00   -0.00000E+00   -0.70866E-15
    0.76000E+06    0.00000E+00    0.00000E+00    0.00000E+00    0.00000E+00   -0.00000E+00   -0.74748E-15
    0.78000E+06    0.00000E+00    0.00000E+00    0.00000E+00    0.00000E+00   -0.00000E+00   -0.78734E-15
    0.80000E+06    0.00000E+00    0.00000E+00    0.00000E+00    0.00000E+00   -0.00000E+00   -0.82823E-15
    0.82000E+06    0.00000E+00    0.00000E+00    0.00000E+00    0.00000E+00   -0.00000E+00   -0.87016E-15
    0.84000E+06    0.00000E+00    0.00000E+00    0.00000E+00    0.00000E+00   -0.00000E+00   -0.91313E-15
    0.86000E+06    0.00000E+00    0.00000E+00    0.00000E+00    0.00000E+00   -0.00000E+00   -0.95713E-15
    0.88000E+06    0.00000E+00    0.00000E+00    0.00000E+00    0.00000E+00   -0.00000E+00   -0.10022E-14
    0.90000E+06    0.00000E+00    0.00000E+00    0.00000E+00    0.00000E+00   -0.00000E+00   -0.10482E-14
    0.92000E+06    0.00000E+00    0.00000E+00    0.00000E+00    0.00000E+00   -0.00000E+00   -0.10953E-14
    0.94000E+06    0.00000E+00    0.00000E+00    0.00000E+00    0.00000E+00   -0.00000E+00   -0.11435E-14
    0.96000E+06    0.00000E+00    0.00000E+00    0.00000E+00    0.00000E+00   -0.00000E+00   -0.11927E-14
    0.98000E+06    0.00000E+00    0.00000E+00    0.00000E+00    0.00000E+00   -0.00000E+00   -0.12429E-14
    0.10000E+07    0.00000E+00    0.00000E+00    0.00000E+00    0.00000E+00   -0.00000E+00   -0.12941E-14
    0.10200E+07    0.00000E+00    0.00000E+00    0.00000E+00    0.00000E+00   -0.00000E+00   -0.13464E-14
    0.10400E+07    0.00000E+00    0.00000E+00    0.00000E+00    0.00000E+00   -0.00000E+00   -0.13997E-14
    0.10600E+07    0.00000E+00    0.00000E+00    0.00000E+00    0.00000E+00   -0.00000E+00   -0.14541E-14
    0.10800E+07    0.00000E+00    0.00000E+00    0.00000E+00    0.00000E+00   -0.00000E+00   -0.15095E-14
    0.11000E+07    0.00000E+00    0.00000E+00    0.00000E+00    0.00000E+00   -0.00000E+00   -0.15659E-14
    0.11200E+07    0.00000E+00    0.00000E+00    0.00000E+00    0.00000E+00   -0.00000E+00   -0.16233E-14
    0.11400E+07    0.00000E+00    0.00000E+00    0.00000E+00    0.00000E+00   -0.00000E+00   -0.16818E-14
    0.11600E+07    0.00000E+00    0.00000E+00    0.00000E+00    0.00000E+00   -0.00000E+00   -0.17414E-14
    0.11800E+07    0.00000E+00    0.00000E+00    0.00000E+00    0.00000E+00   -0.00000E+00   -0.18019E-14
    0.12000E+07    0.00000E+00    0.00000E+00    0.00000E+00    0.00000E+00   -0.00000E+00   -0.18635E-14
    0.12200E+07    0.00000E+00    0.00000E+00    0.00000E+00    0.00000E+00   -0.00000E+00   -0.19262E-14
    0.12215E+07    0.00000E+00    0.00000E+00    0.00000E+00    0.00000E+00   -0.00000E+00   -0.19309E-14
    0.12215E+07    0.00000E+00    0.00000E+00    0.00000E+00    0.00000E+00   -0.00000E+00   -0.19309E-14
    0.12400E+07    0.00000E+00    0.00000E+00    0.00000E+00    0.00000E+00   -0.00000E+00   -0.19898E-14
    0.12600E+07    0.00000E+00    0.00000E+00    0.00000E+00    0.00000E+00   -0.00000E+00   -0.20545E-14
    0.12800E+07    0.00000E+00    0.00000E+00    0.00000E+00    0.00000E+00   -0.00000E+00   -0.21203E-14
    0.13000E+07    0.00000E+00    0.00000E+00    0.00000E+00    0.00000E+00   -0.00000E+00   -0.21871E-14
    0.13200E+07    0.00000E+00    0.00000E+00    0.00000E+00    0.00000E+00   -0.00000E+00   -0.22549E-14
    0.13400E+07    0.00000E+00    0.00000E+00    0.00000E+00    0.00000E+00   -0.00000E+00   -0.23237E-14
    0.13600E+07    0.00000E+00    0.00000E+00    0.00000E+00    0.00000E+00   -0.00000E+00   -0.23936E-14
    0.13800E+07    0.00000E+00    0.00000E+00    0.00000E+00    0.00000E+00   -0.00000E+00   -0.24645E-14
    0.14000E+07    0.00000E+00    0.00000E+00    0.00000E+00    0.00000E+00   -0.00000E+00   -0.25365E-14
    0.14200E+07    0.00000E+00    0.00000E+00    0.00000E+00    0.00000E+00   -0.00000E+00   -0.26094E-14
    0.14400E+07    0.00000E+00    0.00000E+00    0.00000E+00    0.00000E+00   -0.00000E+00   -0.26835E-14
    0.14600E+07    0.00000E+00    0.00000E+00    0.00000E+00    0.00000E+00   -0.00000E+00   -0.27585E-14
    0.14800E+07    0.00000E+00    0.00000E+00    0.00000E+00    0.00000E+00   -0.00000E+00   -0.28346E-14
    0.15000E+07    0.00000E+00    0.00000E+00    0.00000E+00    0.00000E+00   -0.00000E+00   -0.29118E-14
    0.15200E+07    0.00000E+00    0.00000E+00    0.00000E+00    0.00000E+00   -0.00000E+00   -0.29899E-14
    0.15400E+07    0.00000E+00    0.00000E+00    0.00000E+00    0.00000E+00   -0.00000E+00   -0.30691E-14
    0.15600E+07    0.00000E+00    0.00000E+00    0.00000E+00    0.00000E+00   -0.00000E+00   -0.31494E-14
    0.15800E+07    0.00000E+00    0.00000E+00    0.00000E+00    0.00000E+00   -0.00000E+00   -0.32306E-14
    0.16000E+07    0.00000E+00    0.00000E+00    0.00000E+00    0.00000E+00   -0.00000E+00   -0.33129E-14
    0.16200E+07    0.00000E+00    0.00000E+00    0.00000E+00    0.00000E+00   -0.00000E+00   -0.33963E-14
    0.16400E+07    0.00000E+00    0.00000E+00    0.00000E+00    0.00000E+00   -0.00000E+00   -0.34806E-14
    0.16600E+07    0.00000E+00    0.00000E+00    0.00000E+00    0.00000E+00   -0.00000E+00   -0.35661E-14
    0.16800E+07    0.00000E+00    0.00000E+00    0.00000E+00    0.00000E+00   -0.00000E+00   -0.36525E-14
    0.17000E+07    0.00000E+00    0.00000E+00    0.00000E+00    0.00000E+00   -0.00000E+00   -0.37400E-14
    0.17200E+07    0.00000E+00    0.00000E+00    0.00000E+00    0.00000E+00   -0.00000E+00   -0.38285E-14
    0.17400E+07    0.00000E+00    0.00000E+00    0.00000E+00    0.00000E+00   -0.00000E+00   -0.39181E-14
    0.17600E+07    0.00000E+00    0.00000E+00    0.00000E+00    0.00000E+00   -0.00000E+00   -0.40086E-14
    0.17800E+07    0.00000E+00    0.00000E+00    0.00000E+00    0.00000E+00   -0.00000E+00   -0.41003E-14
    0.18000E+07    0.00000E+00    0.00000E+00    0.00000E+00    0.00000E+00   -0.00000E+00   -0.41929E-14
    0.18200E+07    0.00000E+00    0.00000E+00    0.00000E+00    0.00000E+00   -0.00000E+00   -0.42866E-14
    0.18400E+07    0.00000E+00    0.00000E+00    0.00000E+00    0.00000E+00   -0.00000E+00   -0.43813E-14
    0.18600E+07    0.00000E+00    0.00000E+00    0.00000E+00    0.00000E+00   -0.00000E+00   -0.44771E-14
    0.18800E+07    0.00000E+00    0.00000E+00    0.00000E+00    0.00000E+00   -0.00000E+00   -0.45739E-14
    0.19000E+07    0.00000E+00    0.00000E+00    0.00000E+00    0.00000E+00   -0.00000E+00   -0.46717E-14
    0.19200E+07    0.00000E+00    0.00000E+00    0.00000E+00    0.00000E+00   -0.00000E+00   -0.47706E-14
    0.19400E+07    0.00000E+00    0.00000E+00    0.00000E+00    0.00000E+00   -0.00000E+00   -0.48705E-14
    0.19600E+07    0.00000E+00    0.00000E+00    0.00000E+00    0.00000E+00   -0.00000E+00   -0.49715E-14
    0.19800E+07    0.00000E+00    0.00000E+00    0.00000E+00    0.00000E+00   -0.00000E+00   -0.50734E-14
    0.20000E+07    0.00000E+00    0.00000E+00    0.00000E+00    0.00000E+00   -0.00000E+00   -0.51765E-14
    0.20200E+07    0.00000E+00    0.00000E+00    0.00000E+00    0.00000E+00   -0.00000E+00   -0.52805E-14
    0.20400E+07    0.00000E+00    0.00000E+00    0.00000E+00    0.00000E+00   -0.00000E+00   -0.53856E-14
    0.20600E+07    0.00000E+00    0.00000E+00    0.00000E+00    0.00000E+00   -0.00000E+00   -0.54917E-14
    0.20800E+07    0.00000E+00    0.00000E+00    0.00000E+00    0.00000E+00   -0.00000E+00   -0.55989E-14
    0.21000E+07    0.00000E+00    0.00000E+00    0.00000E+00    0.00000E+00   -0.00000E+00   -0.57070E-14
    0.21200E+07    0.00000E+00    0.00000E+00    0.00000E+00    0.00000E+00   -0.00000E+00   -0.58163E-14
    0.21400E+07    0.00000E+00    0.00000E+00    0.00000E+00    0.00000E+00   -0.00000E+00   -0.59265E-14
    0.21600E+07    0.00000E+00    0.00000E+00    0.00000E+00    0.00000E+00   -0.00000E+00   -0.60378E-14
    0.21800E+07    0.00000E+00    0.00000E+00    0.00000E+00    0.00000E+00   -0.00000E+00   -0.61501E-14
    0.22000E+07    0.00000E+00    0.00000E+00    0.00000E+00    0.00000E+00   -0.00000E+00   -0.62635E-14
    0.22200E+07    0.00000E+00    0.00000E+00    0.00000E+00    0.00000E+00   -0.00000E+00   -0.63779E-14
    0.22400E+07    0.00000E+00    0.00000E+00    0.00000E+00    0.00000E+00   -0.00000E+00   -0.64933E-14
    0.22600E+07    0.00000E+00    0.00000E+00    0.00000E+00    0.00000E+00   -0.00000E+00   -0.66098E-14
    0.22800E+07    0.00000E+00    0.00000E+00    0.00000E+00    0.00000E+00   -0.00000E+00   -0.67273E-14
    0.23000E+07    0.00000E+00    0.00000E+00    0.00000E+00    0.00000E+00   -0.00000E+00   -0.68459E-14
    0.23200E+07    0.00000E+00    0.00000E+00    0.00000E+00    0.00000E+00   -0.00000E+00   -0.69654E-14
    0.23400E+07    0.00000E+00    0.00000E+00    0.00000E+00    0.00000E+00   -0.00000E+00   -0.70860E-14
    0.23600E+07    0.00000E+00    0.00000E+00    0.00000E+00    0.00000E+00   -0.00000E+00   -0.72077E-14
    0.23800E+07    0.00000E+00    0.00000E+00    0.00000E+00    0.00000E+00   -0.00000E+00   -0.73304E-14
    0.24000E+07    0.00000E+00    0.00000E+00    0.00000E+00    0.00000E+00   -0.00000E+00   -0.74541E-14
    0.24200E+07    0.00000E+00    0.00000E+00    0.00000E+00    0.00000E+00   -0.00000E+00   -0.75788E-14
    0.24400E+07    0.00000E+00    0.00000E+00    0.00000E+00    0.00000E+00   -0.00000E+00   -0.77046E-14
    0.24600E+07    0.00000E+00    0.00000E+00    0.00000E+00    0.00000E+00   -0.00000E+00   -0.78315E-14
    0.24800E+07    0.00000E+00    0.00000E+00    0.00000E+00    0.00000E+00   -0.00000E+00   -0.79593E-14
    0.25000E+07    0.00000E+00    0.00000E+00    0.00000E+00    0.00000E+00   -0.00000E+00   -0.80882E-14
    0.25200E+07    0.00000E+00    0.00000E+00    0.00000E+00    0.00000E+00   -0.00000E+00   -0.82181E-14
    0.25400E+07    0.00000E+00    0.00000E+00    0.00000E+00    0.00000E+00   -0.00000E+00   -0.83491E-14
    0.25600E+07    0.00000E+00    0.00000E+00    0.00000E+00    0.00000E+00   -0.00000E+00   -0.84811E-14
    0.25800E+07    0.00000E+00    0.00000E+00    0.00000E+00    0.00000E+00   -0.00000E+00   -0.86141E-14
    0.26000E+07    0.00000E+00    0.00000E+00    0.00000E+00    0.00000E+00   -0.00000E+00   -0.87482E-14
    0.26200E+07    0.00000E+00    0.00000E+00    0.00000E+00    0.00000E+00   -0.00000E+00   -0.88833E-14
    0.26400E+07    0.00000E+00    0.00000E+00    0.00000E+00    0.00000E+00   -0.00000E+00   -0.90195E-14
    0.26600E+07    0.00000E+00    0.00000E+00    0.00000E+00    0.00000E+00   -0.00000E+00   -0.91566E-14
    0.26800E+07    0.00000E+00    0.00000E+00    0.00000E+00    0.00000E+00   -0.00000E+00   -0.92948E-14
    0.27000E+07    0.00000E+00    0.00000E+00    0.00000E+00    0.00000E+00   -0.00000E+00   -0.94341E-14
    0.27200E+07    0.00000E+00    0.00000E+00    0.00000E+00    0.00000E+00   -0.00000E+00   -0.95744E-14
    0.27400E+07    0.00000E+00    0.00000E+00    0.00000E+00    0.00000E+00   -0.00000E+00   -0.97157E-14
    0.27600E+07    0.00000E+00    0.00000E+00    0.00000E+00    0.00000E+00   -0.00000E+00   -0.98580E-14
    0.27800E+07    0.00000E+00    0.00000E+00    0.00000E+00    0.00000E+00   -0.00000E+00   -0.10001E-13
    0.28000E+07    0.00000E+00    0.00000E+00    0.00000E+00    0.00000E+00   -0.00000E+00   -0.10146E-13
    0.28200E+07    0.00000E+00    0.00000E+00    0.00000E+00    0.00000E+00   -0.00000E+00   -0.10291E-13
    0.28400E+07    0.00000E+00    0.00000E+00    0.00000E+00    0.00000E+00   -0.00000E+00   -0.10438E-13
    0.28600E+07    0.00000E+00    0.00000E+00    0.00000E+00    0.00000E+00   -0.00000E+00   -0.10585E-13
    0.28800E+07    0.00000E+00    0.00000E+00    0.00000E+00    0.00000E+00   -0.00000E+00   -0.10734E-13
    0.29000E+07    0.00000E+00    0.00000E+00    0.00000E+00    0.00000E+00   -0.00000E+00   -0.10883E-13
    0.29200E+07    0.00000E+00    0.00000E+00    0.00000E+00    0.00000E+00   -0.00000E+00   -0.11034E-13
    0.29400E+07    0.00000E+00    0.00000E+00    0.00000E+00    0.00000E+00   -0.00000E+00   -0.11186E-13
    0.29600E+07    0.00000E+00    0.00000E+00    0.00000E+00    0.00000E+00   -0.00000E+00   -0.11339E-13
    0.29800E+07    0.00000E+00    0.00000E+00    0.00000E+00    0.00000E+00   -0.00000E+00   -0.11492E-13
    0.30000E+07    0.00000E+00    0.00000E+00    0.00000E+00    0.00000E+00   -0.00000E+00   -0.11647E-13
    0.30200E+07    0.00000E+00    0.00000E+00    0.00000E+00    0.00000E+00   -0.00000E+00   -0.11803E-13
    0.30400E+07    0.00000E+00    0.00000E+00    0.00000E+00    0.00000E+00   -0.00000E+00   -0.11960E-13
    0.30600E+07    0.00000E+00    0.00000E+00    0.00000E+00    0.00000E+00   -0.00000E+00   -0.12118E-13
    0.30800E+07    0.00000E+00    0.00000E+00    0.00000E+00    0.00000E+00   -0.00000E+00   -0.12276E-13
    0.31000E+07    0.00000E+00    0.00000E+00    0.00000E+00    0.00000E+00   -0.00000E+00   -0.12436E-13
    0.31200E+07    0.00000E+00    0.00000E+00    0.00000E+00    0.00000E+00   -0.00000E+00   -0.12597E-13
    0.31400E+07    0.00000E+00    0.00000E+00    0.00000E+00    0.00000E+00   -0.00000E+00   -0.12759E-13
    0.31600E+07    0.00000E+00    0.00000E+00    0.00000E+00    0.00000E+00   -0.00000E+00   -0.12922E-13
    0.31800E+07    0.00000E+00    0.00000E+00    0.00000E+00    0.00000E+00   -0.00000E+00   -0.13087E-13
    0.32000E+07    0.00000E+00    0.00000E+00    0.00000E+00    0.00000E+00   -0.00000E+00   -0.13252E-13
    0.32200E+07    0.00000E+00    0.00000E+00    0.00000E+00    0.00000E+00   -0.00000E+00   -0.13418E-13
    0.32400E+07    0.00000E+00    0.00000E+00    0.00000E+00    0.00000E+00   -0.00000E+00   -0.13585E-13
    0.32600E+07    0.00000E+00    0.00000E+00    0.00000E+00    0.00000E+00   -0.00000E+00   -0.13753E-13
    0.32800E+07    0.00000E+00    0.00000E+00    0.00000E+00    0.00000E+00   -0.00000E+00   -0.13923E-13
    0.33000E+07    0.00000E+00    0.00000E+00    0.00000E+00    0.00000E+00   -0.00000E+00   -0.14093E-13
    0.33200E+07    0.00000E+00    0.00000E+00    0.00000E+00    0.00000E+00   -0.00000E+00   -0.14264E-13
    0.33400E+07    0.00000E+00    0.00000E+00    0.00000E+00    0.00000E+00   -0.00000E+00   -0.14437E-13
    0.33600E+07    0.00000E+00    0.00000E+00    0.00000E+00    0.00000E+00   -0.00000E+00   -0.14610E-13
    0.33800E+07    0.00000E+00    0.00000E+00    0.00000E+00    0.00000E+00   -0.00000E+00   -0.14784E-13
    0.34000E+07    0.00000E+00    0.00000E+00    0.00000E+00    0.00000E+00   -0.00000E+00   -0.14960E-13
    0.34200E+07    0.00000E+00    0.00000E+00    0.00000E+00    0.00000E+00   -0.00000E+00   -0.15136E-13
    0.34400E+07    0.00000E+00    0.00000E+00    0.00000E+00    0.00000E+00   -0.00000E+00   -0.15314E-13
    0.34600E+07    0.00000E+00    0.00000E+00    0.00000E+00    0.00000E+00   -0.00000E+00   -0.15493E-13
    0.34800E+07    0.00000E+00    0.00000E+00    0.00000E+00    0.00000E+00   -0.00000E+00   -0.15672E-13
    0.34800E+07    0.00000E+00    0.00000E+00    0.00000E+00    0.00000E+00   -0.00000E+00   -0.15672E-13
    0.34850E+07    0.00000E+00    0.00000E+00    0.00000E+00    0.00000E+00   -0.00000E+00   -0.15717E-13
    0.34900E+07    0.00000E+00    0.00000E+00    0.00000E+00    0.00000E+00   -0.00000E+00   -0.15762E-13
    0.34950E+07    0.00000E+00    0.00000E+00    0.00000E+00    0.00000E+00   -0.00000E+00   -0.15808E-13
    0.35000E+07    0.00000E+00    0.00000E+00    0.00000E+00    0.00000E+00   -0.00000E+00   -0.15853E-13
    0.35050E+07    0.00000E+00    0.00000E+00    0.00000E+00    0.00000E+00   -0.00000E+00   -0.15898E-13
    0.35100E+07    0.00000E+00    0.00000E+00    0.00000E+00    0.00000E+00   -0.00000E+00   -0.15944E-13
    0.35150E+07    0.00000E+00    0.00000E+00    0.00000E+00    0.00000E+00   -0.00000E+00   -0.15989E-13
    0.35200E+07    0.00000E+00    0.00000E+00    0.00000E+00    0.00000E+00   -0.00000E+00   -0.16035E-13
    0.35250E+07    0.00000E+00    0.00000E+00    0.00000E+00    0.00000E+00   -0.00000E+00   -0.16080E-13
    0.35300E+07    0.00000E+00    0.00000E+00    0.00000E+00    0.00000E+00   -0.00000E+00   -0.16126E-13
    0.35350E+07    0.00000E+00    0.00000E+00    0.00000E+00    0.00000E+00   -0.00000E+00   -0.16172E-13
    0.35400E+07    0.00000E+00    0.00000E+00    0.00000E+00    0.00000E+00   -0.00000E+00   -0.16217E-13
    0.35450E+07    0.00000E+00    0.00000E+00    0.00000E+00    0.00000E+00   -0.00000E+00   -0.16263E-13
    0.35500E+07    0.00000E+00    0.00000E+00    0.00000E+00    0.00000E+00   -0.00000E+00   -0.16309E-13
    0.35550E+07    0.00000E+00    0.00000E+00    0.00000E+00    0.00000E+00   -0.00000E+00   -0.16355E-13
    0.35600E+07    0.00000E+00    0.00000E+00    0.00000E+00    0.00000E+00   -0.00000E+00   -0.16401E-13
    0.35650E+07    0.00000E+00    0.00000E+00    0.00000E+00    0.00000E+00   -0.00000E+00   -0.16447E-13
    0.35700E+07    0.00000E+00    0.00000E+00    0.00000E+00    0.00000E+00   -0.00000E+00   -0.16493E-13
    0.35750E+07    0.00000E+00    0.00000E+00    0.00000E+00    0.00000E+00   -0.00000E+00   -0.16540E-13
    0.35800E+07    0.00000E+00    0.00000E+00    0.00000E+00    0.00000E+00   -0.00000E+00   -0.16586E-13
    0.35850E+07    0.00000E+00    0.00000E+00    0.00000E+00    0.00000E+00   -0.00000E+00   -0.16632E-13
    0.35900E+07    0.00000E+00    0.00000E+00    0.00000E+00    0.00000E+00   -0.00000E+00   -0.16679E-13
    0.35950E+07    0.00000E+00    0.00000E+00    0.00000E+00    0.00000E+00   -0.00000E+00   -0.16725E-13
    0.36000E+07    0.00000E+00    0.00000E+00    0.00000E+00    0.00000E+00   -0.00000E+00   -0.16772E-13
    0.36050E+07    0.00000E+00    0.00000E+00    0.00000E+00    0.00000E+00   -0.00000E+00   -0.16818E-13
    0.36100E+07    0.00000E+00    0.00000E+00    0.00000E+00    0.00000E+00   -0.00000E+00   -0.16865E-13
    0.36150E+07    0.00000E+00    0.00000E+00    0.00000E+00    0.00000E+00   -0.00000E+00   -0.16912E-13
    0.36200E+07    0.00000E+00    0.00000E+00    0.00000E+00    0.00000E+00   -0.00000E+00   -0.16959E-13
    0.36250E+07    0.00000E+00    0.00000E+00    0.00000E+00    0.00000E+00   -0.00000E+00   -0.17005E-13
    0.36300E+07    0.00000E+00    0.00000E+00    0.00000E+00    0.00000E+00   -0.00000E+00   -0.17052E-13
    0.36300E+07    0.00000E+00    0.00000E+00    0.00000E+00    0.00000E+00   -0.00000E+00   -0.17052E-13
    0.36350E+07    0.00000E+00    0.00000E+00    0.00000E+00    0.00000E+00   -0.00000E+00   -0.17099E-13
    0.36400E+07    0.00000E+00    0.00000E+00    0.00000E+00    0.00000E+00   -0.00000E+00   -0.17146E-13
    0.36450E+07    0.00000E+00    0.00000E+00    0.00000E+00    0.00000E+00   -0.00000E+00   -0.17194E-13
    0.36500E+07    0.00000E+00    0.00000E+00    0.00000E+00    0.00000E+00   -0.00000E+00   -0.17241E-13
    0.36550E+07    0.00000E+00    0.00000E+00    0.00000E+00    0.00000E+00   -0.00000E+00   -0.17288E-13
    0.36600E+07    0.00000E+00    0.00000E+00    0.00000E+00    0.00000E+00   -0.00000E+00   -0.17335E-13
    0.36650E+07    0.00000E+00    0.00000E+00    0.00000E+00    0.00000E+00   -0.00000E+00   -0.17383E-13
    0.36700E+07    0.00000E+00    0.00000E+00    0.00000E+00    0.00000E+00   -0.00000E+00   -0.17430E-13
    0.36750E+07    0.00000E+00    0.00000E+00    0.00000E+00    0.00000E+00   -0.00000E+00   -0.17478E-13
    0.36800E+07    0.00000E+00    0.00000E+00    0.00000E+00    0.00000E+00   -0.00000E+00   -0.17525E-13
    0.36850E+07    0.00000E+00    0.00000E+00    0.00000E+00    0.00000E+00   -0.00000E+00   -0.17573E-13
    0.36900E+07    0.00000E+00    0.00000E+00    0.00000E+00    0.00000E+00   -0.00000E+00   -0.17621E-13
    0.36950E+07    0.00000E+00    0.00000E+00    0.00000E+00    0.00000E+00   -0.00000E+00   -0.17669E-13
    0.37000E+07    0.00000E+00    0.00000E+00    0.00000E+00    0.00000E+00   -0.00000E+00   -0.17716E-13
    0.37050E+07    0.00000E+00    0.00000E+00    0.00000E+00    0.00000E+00   -0.00000E+00   -0.17764E-13
    0.37100E+07    0.00000E+00    0.00000E+00    0.00000E+00    0.00000E+00   -0.00000E+00   -0.17812E-13
    0.37150E+07    0.00000E+00    0.00000E+00    0.00000E+00    0.00000E+00   -0.00000E+00   -0.17860E-13
    0.37200E+07    0.00000E+00    0.00000E+00    0.00000E+00    0.00000E+00   -0.00000E+00   -0.17908E-13
    0.37250E+07    0.00000E+00    0.00000E+00    0.00000E+00    0.00000E+00   -0.00000E+00   -0.17957E-13
    0.37300E+07    0.00000E+00    0.00000E+00    0.00000E+00    0.00000E+00   -0.00000E+00   -0.18005E-13
    0.37350E+07    0.00000E+00    0.00000E+00    0.00000E+00    0.00000E+00   -0.00000E+00   -0.18053E-13
    0.37400E+07    0.00000E+00    0.00000E+00    0.00000E+00    0.00000E+00   -0.00000E+00   -0.18102E-13
    0.37450E+07    0.00000E+00    0.00000E+00    0.00000E+00    0.00000E+00   -0.00000E+00   -0.18150E-13
    0.37500E+07    0.00000E+00    0.00000E+00    0.00000E+00    0.00000E+00   -0.00000E+00   -0.18198E-13
    0.37550E+07    0.00000E+00    0.00000E+00    0.00000E+00    0.00000E+00   -0.00000E+00   -0.18247E-13
    0.37600E+07    0.00000E+00    0.00000E+00    0.00000E+00    0.00000E+00   -0.00000E+00   -0.18296E-13
    0.37650E+07    0.00000E+00    0.00000E+00    0.00000E+00    0.00000E+00   -0.00000E+00   -0.18344E-13
    0.37700E+07    0.00000E+00    0.00000E+00    0.00000E+00    0.00000E+00   -0.00000E+00   -0.18393E-13
    0.37750E+07    0.00000E+00    0.00000E+00    0.00000E+00    0.00000E+00   -0.00000E+00   -0.18442E-13
    0.37800E+07    0.00000E+00    0.00000E+00    0.00000E+00    0.00000E+00   -0.00000E+00   -0.18491E-13
    0.37850E+07    0.00000E+00    0.00000E+00    0.00000E+00    0.00000E+00   -0.00000E+00   -0.18540E-13
    0.37900E+07    0.00000E+00    0.00000E+00    0.00000E+00    0.00000E+00   -0.00000E+00   -0.18589E-13
    0.37950E+07    0.00000E+00    0.00000E+00    0.00000E+00    0.00000E+00   -0.00000E+00   -0.18638E-13
    0.38000E+07    0.00000E+00    0.00000E+00    0.00000E+00    0.00000E+00   -0.00000E+00   -0.18687E-13
    0.38050E+07    0.00000E+00    0.00000E+00    0.00000E+00    0.00000E+00   -0.00000E+00   -0.18736E-13
    0.38100E+07    0.00000E+00    0.00000E+00    0.00000E+00    0.00000E+00   -0.00000E+00   -0.18785E-13
    0.38150E+07    0.00000E+00    0.00000E+00    0.00000E+00    0.00000E+00   -0.00000E+00   -0.18835E-13
    0.38200E+07    0.00000E+00    0.00000E+00    0.00000E+00    0.00000E+00   -0.00000E+00   -0.18884E-13
    0.38250E+07    0.00000E+00    0.00000E+00    0.00000E+00    0.00000E+00   -0.00000E+00   -0.18934E-13
    0.38300E+07    0.00000E+00    0.00000E+00    0.00000E+00    0.00000E+00   -0.00000E+00   -0.18983E-13
    0.38350E+07    0.00000E+00    0.00000E+00    0.00000E+00    0.00000E+00   -0.00000E+00   -0.19033E-13
    0.38400E+07    0.00000E+00    0.00000E+00    0.00000E+00    0.00000E+00   -0.00000E+00   -0.19082E-13
    0.38450E+07    0.00000E+00    0.00000E+00    0.00000E+00    0.00000E+00   -0.00000E+00   -0.19132E-13
    0.38500E+07    0.00000E+00    0.00000E+00    0.00000E+00    0.00000E+00   -0.00000E+00   -0.19182E-13
    0.38550E+07    0.00000E+00    0.00000E+00    0.00000E+00    0.00000E+00   -0.00000E+00   -0.19232E-13
    0.38600E+07    0.00000E+00    0.00000E+00    0.00000E+00    0.00000E+00   -0.00000E+00   -0.19282E-13
    0.38650E+07    0.00000E+00    0.00000E+00    0.00000E+00    0.00000E+00   -0.00000E+00   -0.19332E-13
    0.38700E+07    0.00000E+00    0.00000E+00    0.00000E+00    0.00000E+00   -0.00000E+00   -0.19382E-13
    0.38710E+07    0.00000E+00    0.00000E+00    0.00000E+00    0.00000E+00   -0.00000E+00   -0.19392E-13
    0.41210E+07    0.00000E+00    0.00000E+00    0.00000E+00    0.00000E+00   -0.00000E+00   -0.21977E-13
    0.43710E+07    0.00000E+00    0.00000E+00    0.00000E+00    0.00000E+00   -0.00000E+00   -0.24725E-13
    0.46210E+07    0.20248E-34    0.46507E-35    0.86131E-37   -0.46504E-35   -0.23731E-31   -0.27634E-13
    0.48710E+07    0.40981E-29    0.94056E-30    0.17567E-31   -0.94032E-30   -0.45478E-26   -0.30705E-13
    0.51210E+07    0.34494E-24    0.78450E-25    0.15149E-26   -0.78423E-25   -0.35789E-21   -0.33938E-13
    0.53710E+07    0.12290E-19    0.27807E-20    0.55399E-22   -0.27785E-20   -0.11773E-16   -0.37332E-13
    0.55710E+07    0.27887E-16    0.63004E-17    0.12984E-18   -0.62892E-17   -0.24758E-13   -0.40146E-13
    0.56710E+07    0.10702E-14    0.24778E-15    0.49297E-17   -0.24662E-15   -0.94958E-12   -0.40949E-13
    0.57710E+07    0.38095E-13    0.94051E-14    0.17435E-15   -0.93373E-14   -0.36359E-10   -0.20346E-13
    0.58710E+07    0.87945E-12    0.20608E-12    0.44744E-14   -0.20523E-12   -0.78029E-09    0.44816E-12
    0.59710E+07    0.16957E-10    0.39183E-11    0.87038E-13   -0.38291E-11   -0.13401E-07    0.89421E-11
    0.60210E+07    0.64505E-10    0.14400E-10    0.35341E-12   -0.14405E-10   -0.50864E-07    0.32121E-10
    0.60710E+07    0.22922E-09    0.50105E-10    0.12793E-11   -0.50348E-10   -0.17799E-06    0.10763E-09
    0.61210E+07    0.74834E-09    0.16535E-09    0.43436E-11   -0.16780E-09   -0.60086E-06    0.32178E-09
    0.61710E+07    0.20824E-08    0.47848E-09    0.13018E-10   -0.49221E-09   -0.17941E-05    0.76342E-09
    0.62210E+07    0.41341E-08    0.90971E-09    0.29090E-10   -0.90146E-09   -0.32859E-05    0.11260E-08
    0.62460E+07    0.49041E-08    0.95023E-09    0.35500E-10   -0.88457E-09   -0.31031E-05    0.10093E-08
    0.62710E+07    0.51652E-08    0.81734E-09    0.34636E-10   -0.68480E-09   -0.21466E-05    0.52753E-09
    0.62960E+07    0.45595E-08    0.54617E-09    0.19721E-10   -0.31420E-09   -0.74744E-06   -0.47844E-09
    0.63210E+07    0.27881E-08    0.22831E-09   -0.19266E-10    0.36870E-09    0.39592E-06   -0.20075E-08
    0.63460E+07    0.10121E-08    0.19567E-12   -0.94847E-10    0.18875E-08   -0.45007E-07   -0.26970E-08
    0.63593E+07    0.23436E-08    0.21811E-09   -0.15288E-09    0.31198E-08   -0.24561E-05   -0.10031E-08
    0.63593E+07    0.24829E-08    0.32434E-09   -0.11960E-09    0.20228E-08   -0.32807E-05   -0.21681E-08
    0.63618E+07    0.36678E-08    0.55974E-09   -0.12823E-09    0.15840E-08   -0.46600E-05   -0.18378E-08
    0.63641E+07    0.38351E-08    0.60343E-09   -0.12118E-09    0.15085E-08   -0.44398E-05   -0.20432E-08
    0.63658E+07    0.34346E-08    0.79031E-09   -0.77534E-10    0.29696E-09   -0.42932E-05   -0.42677E-08
    0.63658E+07    0.21176E-09    0.16098E-10   -0.16222E-10    0.64054E-09   -0.12947E-06   -0.65344E-08
    0.63659E+07    0.22993E-09    0.18969E-10   -0.16254E-10    0.62325E-09   -0.14083E-06   -0.65463E-08
    0.63659E+07    0.00000E+00    0.41303E-09   -0.00000E+00    0.12043E-09    0.84555E-07   -0.41487E-08
    0.63710E+07    0.00000E+00    0.17135E-12    0.00000E+00   -0.17135E-12   -0.25702E-09   -0.48464E-08
