    0.10000E+01    0.00000E+00    0.00000E+00    0.00000E+00    0.00000E+00   -0.00000E+00   -0.24989E-26
    0.20000E+05    0.00000E+00    0.00000E+00    0.00000E+00    0.00000E+00   -0.00000E+00   -0.99955E-18
    0.40000E+05    0.00000E+00    0.00000E+00    0.00000E+00    0.00000E+00   -0.00000E+00   -0.39982E-17
    0.60000E+05    0.00000E+00    0.00000E+00    0.00000E+00    0.00000E+00   -0.00000E+00   -0.89960E-17
    0.80000E+05    0.00000E+00    0.00000E+00    0.00000E+00    0.00000E+00   -0.00000E+00   -0.15993E-16
    0.10000E+06    0.00000E+00    0.00000E+00    0.00000E+00    0.00000E+00   -0.00000E+00   -0.24989E-16
    0.12000E+06    0.00000E+00    0.00000E+00    0.00000E+00    0.00000E+00   -0.00000E+00   -0.35984E-16
    0.14000E+06    0.00000E+00    0.00000E+00    0.00000E+00    0.00000E+00   -0.00000E+00   -0.48978E-16
    0.16000E+06    0.00000E+00    0.00000E+00    0.00000E+00    0.00000E+00   -0.00000E+00   -0.63971E-16
    0.18000E+06    0.00000E+00    0.00000E+00    0.00000E+00    0.00000E+00   -0.00000E+00   -0.80964E-16
    0.20000E+06    0.00000E+00    0.00000E+00    0.00000E+00    0.00000E+00   -0.00000E+00   -0.99955E-16
    0.22000E+06    0.00000E+00    0.00000E+00    0.00000E+00    0.00000E+00   -0.00000E+00   -0.12095E-15
    0.24000E+06    0.00000E+00    0.00000E+00    0.00000E+00    0.00000E+00   -0.00000E+00   -0.14394E-15
    0.26000E+06    0.00000E+00    0.00000E+00    0.00000E+00    0.00000E+00   -0.00000E+00   -0.16892E-15
    0.28000E+06    0.00000E+00    0.00000E+00    0.00000E+00    0.00000E+00   -0.00000E+00   -0.19591E-15
    0.30000E+06    0.00000E+00    0.00000E+00    0.00000E+00    0.00000E+00   -0.00000E+00   -0.22490E-15
    0.32000E+06    0.00000E+00    0.00000E+00    0.00000E+00    0.00000E+00   -0.00000E+00   -0.25589E-15
    0.34000E+06    0.00000E+00    0.00000E+00    0.00000E+00    0.00000E+00   -0.00000E+00   -0.28887E-15
    0.36000E+06    0.00000E+00    0.00000E+00    0.00000E+00    0.00000E+00   -0.00000E+00   -0.32385E-15
    0.38000E+06    0.00000E+00    0.00000E+00    0.00000E+00    0.00000E+00   -0.00000E+00   -0.36084E-15
    0.40000E+06    0.00000E+00    0.00000E+00    0.00000E+00    0.00000E+00   -0.00000E+00   -0.39982E-15
    0.42000E+06    0.00000E+00    0.00000E+00    0.00000E+00    0.00000E+00   -0.00000E+00   -0.44080E-15
    0.44000E+06    0.00000E+00    0.00000E+00    0.00000E+00    0.00000E+00   -0.00000E+00   -0.48378E-15
    0.46000E+06    0.00000E+00    0.00000E+00    0.00000E+00    0.00000E+00   -0.00000E+00   -0.52876E-15
    0.48000E+06    0.00000E+00    0.00000E+00    0.00000E+00    0.00000E+00   -0.00000E+00   -0.57574E-15
    0.50000E+06    0.00000E+00    0.00000E+00    0.00000E+00    0.00000E+00   -0.00000E+00   -0.62472E-15
    0.52000E+06    0.00000E+00    0.00000E+00    0.00000E+00    0.00000E+00   -0.00000E+00   -0.67570E-15
    0.54000E+06    0.00000E+00    0.00000E+00    0.00000E+00    0.00000E+00   -0.00000E+00   -0.72867E-15
    0.56000E+06    0.00000E+00    0.00000E+00    0.00000E+00    0.00000E+00   -0.00000E+00   -0.78365E-15
    0.58000E+06    0.00000E+00    0.00000E+00    0.00000E+00    0.00000E+00   -0.00000E+00   -0.84062E-15
    0.60000E+06    0.00000E+00    0.00000E+00    0.00000E+00    0.00000E+00   -0.00000E+00   -0.89960E-15
    0.62000E+06    0.00000E+00    0.00000E+00    0.00000E+00    0.00000E+00   -0.00000E+00   -0.96057E-15
    0.64000E+06    0.00000E+00    0.00000E+00    0.00000E+00    0.00000E+00   -0.00000E+00   -0.10235E-14
    0.66000E+06    0.00000E+00    0.00000E+00    0.00000E+00    0.00000E+00   -0.00000E+00   -0.10885E-14
    0.68000E+06    0.00000E+00    0.00000E+00    0.00000E+00    0.00000E+00   -0.00000E+00   -0.11555E-14
    0.70000E+06    0.00000E+00    0.00000E+00    0.00000E+00    0.00000E+00   -0.00000E+00   -0.12245E-14
    0.72000E+06    0.00000E+00    0.00000E+00    0.00000E+00    0.00000E+00   -0.00000E+00   -0.12954E-14
    0.74000E+06    0.00000E+00    0.00000E+00    0.00000E+00    0.00000E+00   -0.00000E+00   -0.13684E-14
    0.76000E+06    0.00000E+00    0.00000E+00    0.00000E+00    0.00000E+00   -0.00000E+00   -0.14434E-14
    0.78000E+06    0.00000E+00    0.00000E+00    0.00000E+00    0.00000E+00   -0.00000E+00   -0.15203E-14
    0.80000E+06    0.00000E+00    0.00000E+00    0.00000E+00    0.00000E+00   -0.00000E+00   -0.15993E-14
    0.82000E+06    0.00000E+00    0.00000E+00    0.00000E+00    0.00000E+00   -0.00000E+00   -0.16802E-14
    0.84000E+06    0.00000E+00    0.00000E+00    0.00000E+00    0.00000E+00   -0.00000E+00   -0.17632E-14
    0.86000E+06    0.00000E+00    0.00000E+00    0.00000E+00    0.00000E+00   -0.00000E+00   -0.18482E-14
    0.88000E+06    0.00000E+00    0.00000E+00    0.00000E+00    0.00000E+00   -0.00000E+00   -0.19351E-14
    0.90000E+06    0.00000E+00    0.00000E+00    0.00000E+00    0.00000E+00   -0.00000E+00   -0.20241E-14
    0.92000E+06    0.00000E+00    0.00000E+00    0.00000E+00    0.00000E+00   -0.00000E+00   -0.21151E-14
    0.94000E+06    0.00000E+00    0.00000E+00    0.00000E+00    0.00000E+00   -0.00000E+00   -0.22080E-14
    0.96000E+06    0.00000E+00    0.00000E+00    0.00000E+00    0.00000E+00   -0.00000E+00   -0.23030E-14
    0.98000E+06    0.00000E+00    0.00000E+00    0.00000E+00    0.00000E+00   -0.00000E+00   -0.23999E-14
    0.10000E+07    0.00000E+00    0.00000E+00    0.00000E+00    0.00000E+00   -0.00000E+00   -0.24989E-14
    0.10200E+07    0.00000E+00    0.00000E+00    0.00000E+00    0.00000E+00   -0.00000E+00   -0.25998E-14
    0.10400E+07    0.00000E+00    0.00000E+00    0.00000E+00    0.00000E+00   -0.00000E+00   -0.27028E-14
    0.10600E+07    0.00000E+00    0.00000E+00    0.00000E+00    0.00000E+00   -0.00000E+00   -0.28077E-14
    0.10800E+07    0.00000E+00    0.00000E+00    0.00000E+00    0.00000E+00   -0.00000E+00   -0.29147E-14
    0.11000E+07    0.00000E+00    0.00000E+00    0.00000E+00    0.00000E+00   -0.00000E+00   -0.30236E-14
    0.11200E+07    0.00000E+00    0.00000E+00    0.00000E+00    0.00000E+00   -0.00000E+00   -0.31346E-14
    0.11400E+07    0.00000E+00    0.00000E+00    0.00000E+00    0.00000E+00   -0.00000E+00   -0.32475E-14
    0.11600E+07    0.00000E+00    0.00000E+00    0.00000E+00    0.00000E+00   -0.00000E+00   -0.33625E-14
    0.11800E+07    0.00000E+00    0.00000E+00    0.00000E+00    0.00000E+00   -0.00000E+00   -0.34794E-14
    0.12000E+07    0.00000E+00    0.00000E+00    0.00000E+00    0.00000E+00   -0.00000E+00   -0.35984E-14
    0.12200E+07    0.00000E+00    0.00000E+00    0.00000E+00    0.00000E+00   -0.00000E+00   -0.37193E-14
    0.12215E+07    0.00000E+00    0.00000E+00    0.00000E+00    0.00000E+00   -0.00000E+00   -0.37285E-14
    0.12215E+07    0.00000E+00    0.00000E+00    0.00000E+00    0.00000E+00   -0.00000E+00   -0.37285E-14
    0.12400E+07    0.00000E+00    0.00000E+00    0.00000E+00    0.00000E+00   -0.00000E+00   -0.38423E-14
    0.12600E+07    0.00000E+00    0.00000E+00    0.00000E+00    0.00000E+00   -0.00000E+00   -0.39672E-14
    0.12800E+07    0.00000E+00    0.00000E+00    0.00000E+00    0.00000E+00   -0.00000E+00   -0.40942E-14
    0.13000E+07    0.00000E+00    0.00000E+00    0.00000E+00    0.00000E+00   -0.00000E+00   -0.42231E-14
    0.13200E+07    0.00000E+00    0.00000E+00    0.00000E+00    0.00000E+00   -0.00000E+00   -0.43540E-14
    0.13400E+07    0.00000E+00    0.00000E+00    0.00000E+00    0.00000E+00   -0.00000E+00   -0.44870E-14
    0.13600E+07    0.00000E+00    0.00000E+00    0.00000E+00    0.00000E+00   -0.00000E+00   -0.46219E-14
    0.13800E+07    0.00000E+00    0.00000E+00    0.00000E+00    0.00000E+00   -0.00000E+00   -0.47589E-14
    0.14000E+07    0.00000E+00    0.00000E+00    0.00000E+00    0.00000E+00   -0.00000E+00   -0.48978E-14
    0.14200E+07    0.00000E+00    0.00000E+00    0.00000E+00    0.00000E+00   -0.00000E+00   -0.50387E-14
    0.14400E+07    0.00000E+00    0.00000E+00    0.00000E+00    0.00000E+00   -0.00000E+00   -0.51817E-14
    0.14600E+07    0.00000E+00    0.00000E+00    0.00000E+00    0.00000E+00   -0.00000E+00   -0.53266E-14
    0.14800E+07    0.00000E+00    0.00000E+00    0.00000E+00    0.00000E+00   -0.00000E+00   -0.54735E-14
    0.15000E+07    0.00000E+00    0.00000E+00    0.00000E+00    0.00000E+00   -0.00000E+00   -0.56225E-14
    0.15200E+07    0.00000E+00    0.00000E+00    0.00000E+00    0.00000E+00   -0.00000E+00   -0.57734E-14
    0.15400E+07    0.00000E+00    0.00000E+00    0.00000E+00    0.00000E+00   -0.00000E+00   -0.59263E-14
    0.15600E+07    0.00000E+00    0.00000E+00    0.00000E+00    0.00000E+00   -0.00000E+00   -0.60813E-14
    0.15800E+07    0.00000E+00    0.00000E+00    0.00000E+00    0.00000E+00   -0.00000E+00   -0.62382E-14
    0.16000E+07    0.00000E+00    0.00000E+00    0.00000E+00    0.00000E+00   -0.00000E+00   -0.63971E-14
    0.16200E+07    0.00000E+00    0.00000E+00    0.00000E+00    0.00000E+00   -0.00000E+00   -0.65581E-14
    0.16400E+07    0.00000E+00    0.00000E+00    0.00000E+00    0.00000E+00   -0.00000E+00   -0.67210E-14
    0.16600E+07    0.00000E+00    0.00000E+00    0.00000E+00    0.00000E+00   -0.00000E+00   -0.68859E-14
    0.16800E+07    0.00000E+00    0.00000E+00    0.00000E+00    0.00000E+00   -0.00000E+00   -0.70528E-14
    0.17000E+07    0.00000E+00    0.00000E+00    0.00000E+00    0.00000E+00   -0.00000E+00   -0.72218E-14
    0.17200E+07    0.00000E+00    0.00000E+00    0.00000E+00    0.00000E+00   -0.00000E+00   -0.73927E-14
    0.17400E+07    0.00000E+00    0.00000E+00    0.00000E+00    0.00000E+00   -0.00000E+00   -0.75656E-14
    0.17600E+07    0.00000E+00    0.00000E+00    0.00000E+00    0.00000E+00   -0.00000E+00   -0.77405E-14
    0.17800E+07    0.00000E+00    0.00000E+00    0.00000E+00    0.00000E+00   -0.00000E+00   -0.79174E-14
    0.18000E+07    0.00000E+00    0.00000E+00    0.00000E+00    0.00000E+00   -0.00000E+00   -0.80964E-14
    0.18200E+07    0.00000E+00    0.00000E+00    0.00000E+00    0.00000E+00   -0.00000E+00   -0.82773E-14
    0.18400E+07    0.00000E+00    0.00000E+00    0.00000E+00    0.00000E+00   -0.00000E+00   -0.84602E-14
    0.18600E+07    0.00000E+00    0.00000E+00    0.00000E+00    0.00000E+00   -0.00000E+00   -0.86451E-14
    0.18800E+07    0.00000E+00    0.00000E+00    0.00000E+00    0.00000E+00   -0.00000E+00   -0.88320E-14
    0.19000E+07    0.00000E+00    0.00000E+00    0.00000E+00    0.00000E+00   -0.00000E+00   -0.90210E-14
    0.19200E+07    0.00000E+00    0.00000E+00    0.00000E+00    0.00000E+00   -0.00000E+00   -0.92119E-14
    0.19400E+07    0.00000E+00    0.00000E+00    0.00000E+00    0.00000E+00   -0.00000E+00   -0.94048E-14
    0.19600E+07    0.00000E+00    0.00000E+00    0.00000E+00    0.00000E+00   -0.00000E+00   -0.95997E-14
    0.19800E+07    0.00000E+00    0.00000E+00    0.00000E+00    0.00000E+00   -0.00000E+00   -0.97966E-14
    0.20000E+07    0.00000E+00    0.00000E+00    0.00000E+00    0.00000E+00   -0.00000E+00   -0.99955E-14
    0.20200E+07    0.00000E+00    0.00000E+00    0.00000E+00    0.00000E+00   -0.00000E+00   -0.10196E-13
    0.20400E+07    0.00000E+00    0.00000E+00    0.00000E+00    0.00000E+00   -0.00000E+00   -0.10399E-13
    0.20600E+07    0.00000E+00    0.00000E+00    0.00000E+00    0.00000E+00   -0.00000E+00   -0.10604E-13
    0.20800E+07    0.00000E+00    0.00000E+00    0.00000E+00    0.00000E+00   -0.00000E+00   -0.10811E-13
    0.21000E+07    0.00000E+00    0.00000E+00    0.00000E+00    0.00000E+00   -0.00000E+00   -0.11020E-13
    0.21200E+07    0.00000E+00    0.00000E+00    0.00000E+00    0.00000E+00   -0.00000E+00   -0.11231E-13
    0.21400E+07    0.00000E+00    0.00000E+00    0.00000E+00    0.00000E+00   -0.00000E+00   -0.11444E-13
    0.21600E+07    0.00000E+00    0.00000E+00    0.00000E+00    0.00000E+00   -0.00000E+00   -0.11659E-13
    0.21800E+07    0.00000E+00    0.00000E+00    0.00000E+00    0.00000E+00   -0.00000E+00   -0.11876E-13
    0.22000E+07    0.00000E+00    0.00000E+00    0.00000E+00    0.00000E+00   -0.00000E+00   -0.12095E-13
    0.22200E+07    0.00000E+00    0.00000E+00    0.00000E+00    0.00000E+00   -0.00000E+00   -0.12315E-13
    0.22400E+07    0.00000E+00    0.00000E+00    0.00000E+00    0.00000E+00   -0.00000E+00   -0.12538E-13
    0.22600E+07    0.00000E+00    0.00000E+00    0.00000E+00    0.00000E+00   -0.00000E+00   -0.12763E-13
    0.22800E+07    0.00000E+00    0.00000E+00    0.00000E+00    0.00000E+00   -0.00000E+00   -0.12990E-13
    0.23000E+07    0.00000E+00    0.00000E+00    0.00000E+00    0.00000E+00   -0.00000E+00   -0.13219E-13
    0.23200E+07    0.00000E+00    0.00000E+00    0.00000E+00    0.00000E+00   -0.00000E+00   -0.13450E-13
    0.23400E+07    0.00000E+00    0.00000E+00    0.00000E+00    0.00000E+00   -0.00000E+00   -0.13683E-13
    0.23600E+07    0.00000E+00    0.00000E+00    0.00000E+00    0.00000E+00   -0.00000E+00   -0.13918E-13
    0.23800E+07    0.00000E+00    0.00000E+00    0.00000E+00    0.00000E+00   -0.00000E+00   -0.14155E-13
    0.24000E+07    0.00000E+00    0.00000E+00    0.00000E+00    0.00000E+00   -0.00000E+00   -0.14394E-13
    0.24200E+07    0.00000E+00    0.00000E+00    0.00000E+00    0.00000E+00   -0.00000E+00   -0.14634E-13
    0.24400E+07    0.00000E+00    0.00000E+00    0.00000E+00    0.00000E+00   -0.00000E+00   -0.14877E-13
    0.24600E+07    0.00000E+00    0.00000E+00    0.00000E+00    0.00000E+00   -0.00000E+00   -0.15122E-13
    0.24800E+07    0.00000E+00    0.00000E+00    0.00000E+00    0.00000E+00   -0.00000E+00   -0.15369E-13
    0.25000E+07    0.00000E+00    0.00000E+00    0.00000E+00    0.00000E+00   -0.00000E+00   -0.15618E-13
    0.25200E+07    0.00000E+00    0.00000E+00    0.00000E+00    0.00000E+00   -0.00000E+00   -0.15869E-13
    0.25400E+07    0.00000E+00    0.00000E+00    0.00000E+00    0.00000E+00   -0.00000E+00   -0.16122E-13
    0.25600E+07    0.00000E+00    0.00000E+00    0.00000E+00    0.00000E+00   -0.00000E+00   -0.16377E-13
    0.25800E+07    0.00000E+00    0.00000E+00    0.00000E+00    0.00000E+00   -0.00000E+00   -0.16634E-13
    0.26000E+07    0.00000E+00    0.00000E+00    0.00000E+00    0.00000E+00   -0.00000E+00   -0.16892E-13
    0.26200E+07    0.00000E+00    0.00000E+00    0.00000E+00    0.00000E+00   -0.00000E+00   -0.17153E-13
    0.26400E+07    0.00000E+00    0.00000E+00    0.00000E+00    0.00000E+00   -0.00000E+00   -0.17416E-13
    0.26600E+07    0.00000E+00    0.00000E+00    0.00000E+00    0.00000E+00   -0.00000E+00   -0.17681E-13
    0.26800E+07    0.00000E+00    0.00000E+00    0.00000E+00    0.00000E+00   -0.00000E+00   -0.17948E-13
    0.27000E+07    0.00000E+00    0.00000E+00    0.00000E+00    0.00000E+00   -0.00000E+00   -0.18217E-13
    0.27200E+07    0.00000E+00    0.00000E+00    0.00000E+00    0.00000E+00   -0.00000E+00   -0.18488E-13
    0.27400E+07    0.00000E+00    0.00000E+00    0.00000E+00    0.00000E+00   -0.00000E+00   -0.18761E-13
    0.27600E+07    0.00000E+00    0.00000E+00    0.00000E+00    0.00000E+00   -0.00000E+00   -0.19035E-13
    0.27800E+07    0.00000E+00    0.00000E+00    0.00000E+00    0.00000E+00   -0.00000E+00   -0.19312E-13
    0.28000E+07    0.00000E+00    0.00000E+00    0.00000E+00    0.00000E+00   -0.00000E+00   -0.19591E-13
    0.28200E+07    0.00000E+00    0.00000E+00    0.00000E+00    0.00000E+00   -0.00000E+00   -0.19872E-13
    0.28400E+07    0.00000E+00    0.00000E+00    0.00000E+00    0.00000E+00   -0.00000E+00   -0.20155E-13
    0.28600E+07    0.00000E+00    0.00000E+00    0.00000E+00    0.00000E+00   -0.00000E+00   -0.20440E-13
    0.28800E+07    0.00000E+00    0.00000E+00    0.00000E+00    0.00000E+00   -0.00000E+00   -0.20727E-13
    0.29000E+07    0.00000E+00    0.00000E+00    0.00000E+00    0.00000E+00   -0.00000E+00   -0.21016E-13
    0.29200E+07    0.00000E+00    0.00000E+00    0.00000E+00    0.00000E+00   -0.00000E+00   -0.21306E-13
    0.29400E+07    0.00000E+00    0.00000E+00    0.00000E+00    0.00000E+00   -0.00000E+00   -0.21599E-13
    0.29600E+07    0.00000E+00    0.00000E+00    0.00000E+00    0.00000E+00   -0.00000E+00   -0.21894E-13
    0.29800E+07    0.00000E+00    0.00000E+00    0.00000E+00    0.00000E+00   -0.00000E+00   -0.22191E-13
    0.30000E+07    0.00000E+00    0.00000E+00    0.00000E+00    0.00000E+00   -0.00000E+00   -0.22490E-13
    0.30200E+07    0.00000E+00    0.00000E+00    0.00000E+00    0.00000E+00   -0.00000E+00   -0.22791E-13
    0.30400E+07    0.00000E+00    0.00000E+00    0.00000E+00    0.00000E+00   -0.00000E+00   -0.23094E-13
    0.30600E+07    0.00000E+00    0.00000E+00    0.00000E+00    0.00000E+00   -0.00000E+00   -0.23398E-13
    0.30800E+07    0.00000E+00    0.00000E+00    0.00000E+00    0.00000E+00   -0.00000E+00   -0.23705E-13
    0.31000E+07    0.00000E+00    0.00000E+00    0.00000E+00    0.00000E+00   -0.00000E+00   -0.24014E-13
    0.31200E+07    0.00000E+00    0.00000E+00    0.00000E+00    0.00000E+00   -0.00000E+00   -0.24325E-13
    0.31400E+07    0.00000E+00    0.00000E+00    0.00000E+00    0.00000E+00   -0.00000E+00   -0.24638E-13
    0.31600E+07    0.00000E+00    0.00000E+00    0.00000E+00    0.00000E+00   -0.00000E+00   -0.24953E-13
    0.31800E+07    0.00000E+00    0.00000E+00    0.00000E+00    0.00000E+00   -0.00000E+00   -0.25270E-13
    0.32000E+07    0.00000E+00    0.00000E+00    0.00000E+00    0.00000E+00   -0.00000E+00   -0.25589E-13
    0.32200E+07    0.00000E+00    0.00000E+00    0.00000E+00    0.00000E+00   -0.00000E+00   -0.25909E-13
    0.32400E+07    0.00000E+00    0.00000E+00    0.00000E+00    0.00000E+00   -0.00000E+00   -0.26232E-13
    0.32600E+07    0.00000E+00    0.00000E+00    0.00000E+00    0.00000E+00   -0.00000E+00   -0.26557E-13
    0.32800E+07    0.00000E+00    0.00000E+00    0.00000E+00    0.00000E+00   -0.00000E+00   -0.26884E-13
    0.33000E+07    0.00000E+00    0.00000E+00    0.00000E+00    0.00000E+00   -0.00000E+00   -0.27213E-13
    0.33200E+07    0.00000E+00    0.00000E+00    0.00000E+00    0.00000E+00   -0.00000E+00   -0.27544E-13
    0.33400E+07    0.00000E+00    0.00000E+00    0.00000E+00    0.00000E+00   -0.00000E+00   -0.27876E-13
    0.33600E+07    0.00000E+00    0.00000E+00    0.00000E+00    0.00000E+00   -0.00000E+00   -0.28211E-13
    0.33800E+07    0.00000E+00    0.00000E+00    0.00000E+00    0.00000E+00   -0.00000E+00   -0.28548E-13
    0.34000E+07    0.00000E+00    0.00000E+00    0.00000E+00    0.00000E+00   -0.00000E+00   -0.28887E-13
    0.34200E+07    0.00000E+00    0.00000E+00    0.00000E+00    0.00000E+00   -0.00000E+00   -0.29228E-13
    0.34400E+07    0.00000E+00    0.00000E+00    0.00000E+00    0.00000E+00   -0.00000E+00   -0.29571E-13
    0.34600E+07    0.00000E+00    0.00000E+00    0.00000E+00    0.00000E+00   -0.00000E+00   -0.29916E-13
    0.34800E+07    0.00000E+00    0.00000E+00    0.00000E+00    0.00000E+00   -0.00000E+00   -0.30262E-13
    0.34800E+07    0.00000E+00    0.00000E+00    0.00000E+00    0.00000E+00   -0.00000E+00   -0.30262E-13
    0.34850E+07    0.00000E+00    0.00000E+00    0.00000E+00    0.00000E+00   -0.00000E+00   -0.30349E-13
    0.34900E+07    0.00000E+00    0.00000E+00    0.00000E+00    0.00000E+00   -0.00000E+00   -0.30437E-13
    0.34950E+07    0.00000E+00    0.00000E+00    0.00000E+00    0.00000E+00   -0.00000E+00   -0.30524E-13
    0.35000E+07    0.00000E+00    0.00000E+00    0.00000E+00    0.00000E+00   -0.00000E+00   -0.30611E-13
    0.35050E+07    0.00000E+00    0.00000E+00    0.00000E+00    0.00000E+00   -0.00000E+00   -0.30699E-13
    0.35100E+07    0.00000E+00    0.00000E+00    0.00000E+00    0.00000E+00   -0.00000E+00   -0.30786E-13
    0.35150E+07    0.00000E+00    0.00000E+00    0.00000E+00    0.00000E+00   -0.00000E+00   -0.30874E-13
    0.35200E+07    0.00000E+00    0.00000E+00    0.00000E+00    0.00000E+00   -0.00000E+00   -0.30962E-13
    0.35250E+07    0.00000E+00    0.00000E+00    0.00000E+00    0.00000E+00   -0.00000E+00   -0.31050E-13
    0.35300E+07    0.00000E+00    0.00000E+00    0.00000E+00    0.00000E+00   -0.00000E+00   -0.31138E-13
    0.35350E+07    0.00000E+00    0.00000E+00    0.00000E+00    0.00000E+00   -0.00000E+00   -0.31227E-13
    0.35400E+07    0.00000E+00    0.00000E+00    0.00000E+00    0.00000E+00   -0.00000E+00   -0.31315E-13
    0.35450E+07    0.00000E+00    0.00000E+00    0.00000E+00    0.00000E+00   -0.00000E+00   -0.31403E-13
    0.35500E+07    0.00000E+00    0.00000E+00    0.00000E+00    0.00000E+00   -0.00000E+00   -0.31492E-13
    0.35550E+07    0.00000E+00    0.00000E+00    0.00000E+00    0.00000E+00   -0.00000E+00   -0.31581E-13
    0.35600E+07    0.00000E+00    0.00000E+00    0.00000E+00    0.00000E+00   -0.00000E+00   -0.31670E-13
    0.35650E+07    0.00000E+00    0.00000E+00    0.00000E+00    0.00000E+00   -0.00000E+00   -0.31759E-13
    0.35700E+07    0.00000E+00    0.00000E+00    0.00000E+00    0.00000E+00   -0.00000E+00   -0.31848E-13
    0.35750E+07    0.00000E+00    0.00000E+00    0.00000E+00    0.00000E+00   -0.00000E+00   -0.31937E-13
    0.35800E+07    0.00000E+00    0.00000E+00    0.00000E+00    0.00000E+00   -0.00000E+00   -0.32027E-13
    0.35850E+07    0.00000E+00    0.00000E+00    0.00000E+00    0.00000E+00   -0.00000E+00   -0.32116E-13
    0.35900E+07    0.00000E+00    0.00000E+00    0.00000E+00    0.00000E+00   -0.00000E+00   -0.32206E-13
    0.35950E+07    0.00000E+00    0.00000E+00    0.00000E+00    0.00000E+00   -0.00000E+00   -0.32296E-13
    0.36000E+07    0.00000E+00    0.00000E+00    0.00000E+00    0.00000E+00   -0.00000E+00   -0.32385E-13
    0.36050E+07    0.00000E+00    0.00000E+00    0.00000E+00    0.00000E+00   -0.00000E+00   -0.32475E-13
    0.36100E+07    0.00000E+00    0.00000E+00    0.00000E+00    0.00000E+00   -0.00000E+00   -0.32566E-13
    0.36150E+07    0.00000E+00    0.00000E+00    0.00000E+00    0.00000E+00   -0.00000E+00   -0.32656E-13
    0.36200E+07    0.00000E+00    0.00000E+00    0.00000E+00    0.00000E+00   -0.00000E+00   -0.32746E-13
    0.36250E+07    0.00000E+00    0.00000E+00    0.00000E+00    0.00000E+00   -0.00000E+00   -0.32837E-13
    0.36300E+07    0.00000E+00    0.00000E+00    0.00000E+00    0.00000E+00   -0.00000E+00   -0.32927E-13
    0.36300E+07    0.00000E+00    0.00000E+00    0.00000E+00    0.00000E+00   -0.00000E+00   -0.32927E-13
    0.36350E+07    0.00000E+00    0.00000E+00    0.00000E+00    0.00000E+00   -0.00000E+00   -0.33018E-13
    0.36400E+07    0.00000E+00    0.00000E+00    0.00000E+00    0.00000E+00   -0.00000E+00   -0.33109E-13
    0.36450E+07    0.00000E+00    0.00000E+00    0.00000E+00    0.00000E+00   -0.00000E+00   -0.33200E-13
    0.36500E+07    0.00000E+00    0.00000E+00    0.00000E+00    0.00000E+00   -0.00000E+00   -0.33291E-13
    0.36550E+07    0.00000E+00    0.00000E+00    0.00000E+00    0.00000E+00   -0.00000E+00   -0.33383E-13
    0.36600E+07    0.00000E+00    0.00000E+00    0.00000E+00    0.00000E+00   -0.00000E+00   -0.33474E-13
    0.36650E+07    0.00000E+00    0.00000E+00    0.00000E+00    0.00000E+00   -0.00000E+00   -0.33565E-13
    0.36700E+07    0.00000E+00    0.00000E+00    0.00000E+00    0.00000E+00   -0.00000E+00   -0.33657E-13
    0.36750E+07    0.00000E+00    0.00000E+00    0.00000E+00    0.00000E+00   -0.00000E+00   -0.33749E-13
    0.36800E+07    0.00000E+00    0.00000E+00    0.00000E+00    0.00000E+00   -0.00000E+00   -0.33841E-13
    0.36850E+07    0.00000E+00    0.00000E+00    0.00000E+00    0.00000E+00   -0.00000E+00   -0.33933E-13
    0.36900E+07    0.00000E+00    0.00000E+00    0.00000E+00    0.00000E+00   -0.00000E+00   -0.34025E-13
    0.36950E+07    0.00000E+00    0.00000E+00    0.00000E+00    0.00000E+00   -0.00000E+00   -0.34117E-13
    0.37000E+07    0.00000E+00    0.00000E+00    0.00000E+00    0.00000E+00   -0.00000E+00   -0.34210E-13
    0.37050E+07    0.00000E+00    0.00000E+00    0.00000E+00    0.00000E+00   -0.00000E+00   -0.34302E-13
    0.37100E+07    0.00000E+00    0.00000E+00    0.00000E+00    0.00000E+00   -0.00000E+00   -0.34395E-13
    0.37150E+07    0.00000E+00    0.00000E+00    0.00000E+00    0.00000E+00   -0.00000E+00   -0.34488E-13
    0.37200E+07    0.00000E+00    0.00000E+00    0.00000E+00    0.00000E+00   -0.00000E+00   -0.34580E-13
    0.37250E+07    0.00000E+00    0.00000E+00    0.00000E+00    0.00000E+00   -0.00000E+00   -0.34674E-13
    0.37300E+07    0.00000E+00    0.00000E+00    0.00000E+00    0.00000E+00   -0.00000E+00   -0.34767E-13
    0.37350E+07    0.00000E+00    0.00000E+00    0.00000E+00    0.00000E+00   -0.00000E+00   -0.34860E-13
    0.37400E+07    0.00000E+00    0.00000E+00    0.00000E+00    0.00000E+00   -0.00000E+00   -0.34953E-13
    0.37450E+07    0.00000E+00    0.00000E+00    0.00000E+00    0.00000E+00   -0.00000E+00   -0.35047E-13
    0.37500E+07    0.00000E+00    0.00000E+00    0.00000E+00    0.00000E+00   -0.00000E+00   -0.35140E-13
    0.37550E+07    0.00000E+00    0.00000E+00    0.00000E+00    0.00000E+00   -0.00000E+00   -0.35234E-13
    0.37600E+07    0.00000E+00    0.00000E+00    0.00000E+00    0.00000E+00   -0.00000E+00   -0.35328E-13
    0.37650E+07    0.00000E+00    0.00000E+00    0.00000E+00    0.00000E+00   -0.00000E+00   -0.35422E-13
    0.37700E+07    0.00000E+00    0.00000E+00    0.00000E+00    0.00000E+00   -0.00000E+00   -0.35516E-13
    0.37750E+07    0.00000E+00    0.00000E+00    0.00000E+00    0.00000E+00   -0.00000E+00   -0.35611E-13
    0.37800E+07    0.00000E+00    0.00000E+00    0.00000E+00    0.00000E+00   -0.00000E+00   -0.35705E-13
    0.37850E+07    0.00000E+00    0.00000E+00    0.00000E+00    0.00000E+00   -0.00000E+00   -0.35799E-13
    0.37900E+07    0.00000E+00    0.00000E+00    0.00000E+00    0.00000E+00   -0.00000E+00   -0.35894E-13
    0.37950E+07    0.00000E+00    0.00000E+00    0.00000E+00    0.00000E+00   -0.00000E+00   -0.35989E-13
    0.38000E+07    0.00000E+00    0.00000E+00    0.00000E+00    0.00000E+00   -0.00000E+00   -0.36084E-13
    0.38050E+07    0.00000E+00    0.00000E+00    0.00000E+00    0.00000E+00   -0.00000E+00   -0.36179E-13
    0.38100E+07    0.00000E+00    0.00000E+00    0.00000E+00    0.00000E+00   -0.00000E+00   -0.36274E-13
    0.38150E+07    0.00000E+00    0.00000E+00    0.00000E+00    0.00000E+00   -0.00000E+00   -0.36369E-13
    0.38200E+07    0.00000E+00    0.00000E+00    0.00000E+00    0.00000E+00   -0.00000E+00   -0.36465E-13
    0.38250E+07    0.00000E+00    0.00000E+00    0.00000E+00    0.00000E+00   -0.00000E+00   -0.36560E-13
    0.38300E+07    0.00000E+00    0.00000E+00    0.00000E+00    0.00000E+00   -0.00000E+00   -0.36656E-13
    0.38350E+07    0.00000E+00    0.00000E+00    0.00000E+00    0.00000E+00   -0.00000E+00   -0.36752E-13
    0.38400E+07    0.00000E+00    0.00000E+00    0.00000E+00    0.00000E+00   -0.00000E+00   -0.36847E-13
    0.38450E+07    0.00000E+00    0.00000E+00    0.00000E+00    0.00000E+00   -0.00000E+00   -0.36943E-13
    0.38500E+07    0.00000E+00    0.00000E+00    0.00000E+00    0.00000E+00   -0.00000E+00   -0.37040E-13
    0.38550E+07    0.00000E+00    0.00000E+00    0.00000E+00    0.00000E+00   -0.00000E+00   -0.37136E-13
    0.38600E+07    0.00000E+00    0.00000E+00    0.00000E+00    0.00000E+00   -0.00000E+00   -0.37232E-13
    0.38650E+07    0.00000E+00    0.00000E+00    0.00000E+00    0.00000E+00   -0.00000E+00   -0.37329E-13
    0.38700E+07    0.00000E+00    0.00000E+00    0.00000E+00    0.00000E+00   -0.00000E+00   -0.37425E-13
    0.38710E+07    0.00000E+00    0.00000E+00    0.00000E+00    0.00000E+00   -0.00000E+00   -0.37445E-13
    0.41210E+07    0.00000E+00    0.00000E+00    0.00000E+00    0.00000E+00   -0.00000E+00   -0.42438E-13
    0.43710E+07    0.00000E+00    0.00000E+00    0.00000E+00    0.00000E+00   -0.00000E+00   -0.47743E-13
    0.46210E+07    0.00000E+00    0.00000E+00    0.00000E+00    0.00000E+00   -0.00000E+00   -0.53360E-13
    0.48710E+07    0.18136E-33    0.41321E-34    0.65739E-36   -0.41318E-34   -0.20121E-30   -0.59290E-13
    0.51210E+07    0.14014E-27    0.31787E-28    0.51535E-30   -0.31780E-28   -0.14555E-24   -0.65532E-13
    0.53710E+07    0.39492E-22    0.88993E-23    0.14896E-24   -0.88947E-23   -0.37878E-19   -0.72087E-13
    0.55710E+07    0.41968E-18    0.94329E-19    0.16334E-20   -0.94209E-19   -0.37319E-15   -0.77555E-13
    0.56710E+07    0.33332E-16    0.76747E-17    0.12882E-18   -0.76470E-17   -0.29676E-13   -0.80344E-13
    0.57710E+07    0.23409E-14    0.56989E-15    0.90920E-17   -0.56695E-15   -0.22345E-11   -0.81830E-13
    0.58710E+07    0.10088E-12    0.23288E-13    0.43094E-15   -0.23219E-13   -0.89113E-10   -0.29633E-13
    0.59710E+07    0.34957E-11    0.79306E-12    0.15139E-13   -0.77639E-12   -0.27627E-08    0.17616E-11
    0.60210E+07    0.17735E-10    0.38678E-11    0.81251E-13   -0.38744E-11   -0.13932E-07    0.87838E-11
    0.60710E+07    0.84202E-10    0.18034E-10    0.39096E-12   -0.18157E-10   -0.65605E-07    0.39825E-10
    0.61210E+07    0.36822E-09    0.79785E-10    0.17730E-11   -0.81241E-10   -0.29881E-06    0.16091E-09
    0.61710E+07    0.13625E-08    0.30690E-09    0.70586E-11   -0.31793E-09   -0.11938E-05    0.51437E-09
    0.62210E+07    0.35013E-08    0.75081E-09    0.20424E-10   -0.75320E-09   -0.28464E-05    0.10281E-08
    0.62460E+07    0.46924E-08    0.88235E-09    0.28206E-10   -0.83600E-09   -0.30724E-05    0.11360E-08
    0.62710E+07    0.56022E-08    0.86664E-09    0.31922E-10   -0.75571E-09   -0.25336E-05    0.94695E-09
    0.62960E+07    0.56502E-08    0.68621E-09    0.24701E-10   -0.48582E-09   -0.12917E-05    0.15928E-09
    0.63210E+07    0.39818E-08    0.36375E-09   -0.60018E-11    0.15441E-09    0.20240E-06   -0.15814E-08
    0.63460E+07    0.12528E-08    0.61540E-11   -0.80059E-10    0.18999E-08    0.24035E-06   -0.30152E-08
    0.63593E+07    0.24393E-08    0.20995E-09   -0.14316E-09    0.35365E-08   -0.25183E-05   -0.11874E-08
    0.63593E+07    0.26095E-08    0.31162E-09   -0.11200E-09    0.23559E-08   -0.33606E-05   -0.24425E-08
    0.63618E+07    0.40058E-08    0.58940E-09   -0.12158E-09    0.18949E-08   -0.50664E-05   -0.20095E-08
    0.63641E+07    0.43236E-08    0.66648E-09   -0.11609E-09    0.18140E-08   -0.50033E-05   -0.21626E-08
    0.63658E+07    0.39568E-08    0.89707E-09   -0.74761E-10    0.40632E-09   -0.49459E-05   -0.47067E-08
    0.63658E+07    0.10184E-09    0.31602E-11   -0.15642E-10    0.91311E-09   -0.62006E-07   -0.73217E-08
    0.63659E+07    0.12599E-09    0.48699E-11   -0.15679E-10    0.89015E-09   -0.77169E-07   -0.73398E-08
    0.63659E+07    0.00000E+00    0.65309E-09   -0.00000E+00    0.20154E-09    0.14101E-06   -0.44648E-08
    0.63710E+07    0.00000E+00    0.14316E-12    0.00000E+00   -0.14316E-12   -0.21474E-09   -0.55718E-08
