    0.10000E+01    0.00000E+00    0.00000E+00    0.00000E+00    0.00000E+00   -0.00000E+00   -0.40879E-26
    0.20000E+05    0.00000E+00    0.00000E+00    0.00000E+00    0.00000E+00   -0.00000E+00   -0.16352E-17
    0.40000E+05    0.00000E+00    0.00000E+00    0.00000E+00    0.00000E+00   -0.00000E+00   -0.65406E-17
    0.60000E+05    0.00000E+00    0.00000E+00    0.00000E+00    0.00000E+00   -0.00000E+00   -0.14716E-16
    0.80000E+05    0.00000E+00    0.00000E+00    0.00000E+00    0.00000E+00   -0.00000E+00   -0.26162E-16
    0.10000E+06    0.00000E+00    0.00000E+00    0.00000E+00    0.00000E+00   -0.00000E+00   -0.40879E-16
    0.12000E+06    0.00000E+00    0.00000E+00    0.00000E+00    0.00000E+00   -0.00000E+00   -0.58866E-16
    0.14000E+06    0.00000E+00    0.00000E+00    0.00000E+00    0.00000E+00   -0.00000E+00   -0.80123E-16
    0.16000E+06    0.00000E+00    0.00000E+00    0.00000E+00    0.00000E+00   -0.00000E+00   -0.10465E-15
    0.18000E+06    0.00000E+00    0.00000E+00    0.00000E+00    0.00000E+00   -0.00000E+00   -0.13245E-15
    0.20000E+06    0.00000E+00    0.00000E+00    0.00000E+00    0.00000E+00   -0.00000E+00   -0.16352E-15
    0.22000E+06    0.00000E+00    0.00000E+00    0.00000E+00    0.00000E+00   -0.00000E+00   -0.19785E-15
    0.24000E+06    0.00000E+00    0.00000E+00    0.00000E+00    0.00000E+00   -0.00000E+00   -0.23546E-15
    0.26000E+06    0.00000E+00    0.00000E+00    0.00000E+00    0.00000E+00   -0.00000E+00   -0.27634E-15
    0.28000E+06    0.00000E+00    0.00000E+00    0.00000E+00    0.00000E+00   -0.00000E+00   -0.32049E-15
    0.30000E+06    0.00000E+00    0.00000E+00    0.00000E+00    0.00000E+00   -0.00000E+00   -0.36791E-15
    0.32000E+06    0.00000E+00    0.00000E+00    0.00000E+00    0.00000E+00   -0.00000E+00   -0.41860E-15
    0.34000E+06    0.00000E+00    0.00000E+00    0.00000E+00    0.00000E+00   -0.00000E+00   -0.47256E-15
    0.36000E+06    0.00000E+00    0.00000E+00    0.00000E+00    0.00000E+00   -0.00000E+00   -0.52979E-15
    0.38000E+06    0.00000E+00    0.00000E+00    0.00000E+00    0.00000E+00   -0.00000E+00   -0.59029E-15
    0.40000E+06    0.00000E+00    0.00000E+00    0.00000E+00    0.00000E+00   -0.00000E+00   -0.65406E-15
    0.42000E+06    0.00000E+00    0.00000E+00    0.00000E+00    0.00000E+00   -0.00000E+00   -0.72110E-15
    0.44000E+06    0.00000E+00    0.00000E+00    0.00000E+00    0.00000E+00   -0.00000E+00   -0.79141E-15
    0.46000E+06    0.00000E+00    0.00000E+00    0.00000E+00    0.00000E+00   -0.00000E+00   -0.86500E-15
    0.48000E+06    0.00000E+00    0.00000E+00    0.00000E+00    0.00000E+00   -0.00000E+00   -0.94185E-15
    0.50000E+06    0.00000E+00    0.00000E+00    0.00000E+00    0.00000E+00   -0.00000E+00   -0.10220E-14
    0.52000E+06    0.00000E+00    0.00000E+00    0.00000E+00    0.00000E+00   -0.00000E+00   -0.11054E-14
    0.54000E+06    0.00000E+00    0.00000E+00    0.00000E+00    0.00000E+00   -0.00000E+00   -0.11920E-14
    0.56000E+06    0.00000E+00    0.00000E+00    0.00000E+00    0.00000E+00   -0.00000E+00   -0.12820E-14
    0.58000E+06    0.00000E+00    0.00000E+00    0.00000E+00    0.00000E+00   -0.00000E+00   -0.13752E-14
    0.60000E+06    0.00000E+00    0.00000E+00    0.00000E+00    0.00000E+00   -0.00000E+00   -0.14716E-14
    0.62000E+06    0.00000E+00    0.00000E+00    0.00000E+00    0.00000E+00   -0.00000E+00   -0.15714E-14
    0.64000E+06    0.00000E+00    0.00000E+00    0.00000E+00    0.00000E+00   -0.00000E+00   -0.16744E-14
    0.66000E+06    0.00000E+00    0.00000E+00    0.00000E+00    0.00000E+00   -0.00000E+00   -0.17807E-14
    0.68000E+06    0.00000E+00    0.00000E+00    0.00000E+00    0.00000E+00   -0.00000E+00   -0.18902E-14
    0.70000E+06    0.00000E+00    0.00000E+00    0.00000E+00    0.00000E+00   -0.00000E+00   -0.20031E-14
    0.72000E+06    0.00000E+00    0.00000E+00    0.00000E+00    0.00000E+00   -0.00000E+00   -0.21192E-14
    0.74000E+06    0.00000E+00    0.00000E+00    0.00000E+00    0.00000E+00   -0.00000E+00   -0.22385E-14
    0.76000E+06    0.00000E+00    0.00000E+00    0.00000E+00    0.00000E+00   -0.00000E+00   -0.23612E-14
    0.78000E+06    0.00000E+00    0.00000E+00    0.00000E+00    0.00000E+00   -0.00000E+00   -0.24871E-14
    0.80000E+06    0.00000E+00    0.00000E+00    0.00000E+00    0.00000E+00   -0.00000E+00   -0.26162E-14
    0.82000E+06    0.00000E+00    0.00000E+00    0.00000E+00    0.00000E+00   -0.00000E+00   -0.27487E-14
    0.84000E+06    0.00000E+00    0.00000E+00    0.00000E+00    0.00000E+00   -0.00000E+00   -0.28844E-14
    0.86000E+06    0.00000E+00    0.00000E+00    0.00000E+00    0.00000E+00   -0.00000E+00   -0.30234E-14
    0.88000E+06    0.00000E+00    0.00000E+00    0.00000E+00    0.00000E+00   -0.00000E+00   -0.31657E-14
    0.90000E+06    0.00000E+00    0.00000E+00    0.00000E+00    0.00000E+00   -0.00000E+00   -0.33112E-14
    0.92000E+06    0.00000E+00    0.00000E+00    0.00000E+00    0.00000E+00   -0.00000E+00   -0.34600E-14
    0.94000E+06    0.00000E+00    0.00000E+00    0.00000E+00    0.00000E+00   -0.00000E+00   -0.36121E-14
    0.96000E+06    0.00000E+00    0.00000E+00    0.00000E+00    0.00000E+00   -0.00000E+00   -0.37674E-14
    0.98000E+06    0.00000E+00    0.00000E+00    0.00000E+00    0.00000E+00   -0.00000E+00   -0.39260E-14
    0.10000E+07    0.00000E+00    0.00000E+00    0.00000E+00    0.00000E+00   -0.00000E+00   -0.40879E-14
    0.10200E+07    0.00000E+00    0.00000E+00    0.00000E+00    0.00000E+00   -0.00000E+00   -0.42530E-14
    0.10400E+07    0.00000E+00    0.00000E+00    0.00000E+00    0.00000E+00   -0.00000E+00   -0.44215E-14
    0.10600E+07    0.00000E+00    0.00000E+00    0.00000E+00    0.00000E+00   -0.00000E+00   -0.45931E-14
    0.10800E+07    0.00000E+00    0.00000E+00    0.00000E+00    0.00000E+00   -0.00000E+00   -0.47681E-14
    0.11000E+07    0.00000E+00    0.00000E+00    0.00000E+00    0.00000E+00   -0.00000E+00   -0.49463E-14
    0.11200E+07    0.00000E+00    0.00000E+00    0.00000E+00    0.00000E+00   -0.00000E+00   -0.51278E-14
    0.11400E+07    0.00000E+00    0.00000E+00    0.00000E+00    0.00000E+00   -0.00000E+00   -0.53126E-14
    0.11600E+07    0.00000E+00    0.00000E+00    0.00000E+00    0.00000E+00   -0.00000E+00   -0.55007E-14
    0.11800E+07    0.00000E+00    0.00000E+00    0.00000E+00    0.00000E+00   -0.00000E+00   -0.56920E-14
    0.12000E+07    0.00000E+00    0.00000E+00    0.00000E+00    0.00000E+00   -0.00000E+00   -0.58866E-14
    0.12200E+07    0.00000E+00    0.00000E+00    0.00000E+00    0.00000E+00   -0.00000E+00   -0.60844E-14
    0.12215E+07    0.00000E+00    0.00000E+00    0.00000E+00    0.00000E+00   -0.00000E+00   -0.60994E-14
    0.12215E+07    0.00000E+00    0.00000E+00    0.00000E+00    0.00000E+00   -0.00000E+00   -0.60994E-14
    0.12400E+07    0.00000E+00    0.00000E+00    0.00000E+00    0.00000E+00   -0.00000E+00   -0.62855E-14
    0.12600E+07    0.00000E+00    0.00000E+00    0.00000E+00    0.00000E+00   -0.00000E+00   -0.64899E-14
    0.12800E+07    0.00000E+00    0.00000E+00    0.00000E+00    0.00000E+00   -0.00000E+00   -0.66976E-14
    0.13000E+07    0.00000E+00    0.00000E+00    0.00000E+00    0.00000E+00   -0.00000E+00   -0.69085E-14
    0.13200E+07    0.00000E+00    0.00000E+00    0.00000E+00    0.00000E+00   -0.00000E+00   -0.71227E-14
    0.13400E+07    0.00000E+00    0.00000E+00    0.00000E+00    0.00000E+00   -0.00000E+00   -0.73402E-14
    0.13600E+07    0.00000E+00    0.00000E+00    0.00000E+00    0.00000E+00   -0.00000E+00   -0.75610E-14
    0.13800E+07    0.00000E+00    0.00000E+00    0.00000E+00    0.00000E+00   -0.00000E+00   -0.77850E-14
    0.14000E+07    0.00000E+00    0.00000E+00    0.00000E+00    0.00000E+00   -0.00000E+00   -0.80123E-14
    0.14200E+07    0.00000E+00    0.00000E+00    0.00000E+00    0.00000E+00   -0.00000E+00   -0.82428E-14
    0.14400E+07    0.00000E+00    0.00000E+00    0.00000E+00    0.00000E+00   -0.00000E+00   -0.84766E-14
    0.14600E+07    0.00000E+00    0.00000E+00    0.00000E+00    0.00000E+00   -0.00000E+00   -0.87137E-14
    0.14800E+07    0.00000E+00    0.00000E+00    0.00000E+00    0.00000E+00   -0.00000E+00   -0.89541E-14
    0.15000E+07    0.00000E+00    0.00000E+00    0.00000E+00    0.00000E+00   -0.00000E+00   -0.91977E-14
    0.15200E+07    0.00000E+00    0.00000E+00    0.00000E+00    0.00000E+00   -0.00000E+00   -0.94447E-14
    0.15400E+07    0.00000E+00    0.00000E+00    0.00000E+00    0.00000E+00   -0.00000E+00   -0.96948E-14
    0.15600E+07    0.00000E+00    0.00000E+00    0.00000E+00    0.00000E+00   -0.00000E+00   -0.99483E-14
    0.15800E+07    0.00000E+00    0.00000E+00    0.00000E+00    0.00000E+00   -0.00000E+00   -0.10205E-13
    0.16000E+07    0.00000E+00    0.00000E+00    0.00000E+00    0.00000E+00   -0.00000E+00   -0.10465E-13
    0.16200E+07    0.00000E+00    0.00000E+00    0.00000E+00    0.00000E+00   -0.00000E+00   -0.10728E-13
    0.16400E+07    0.00000E+00    0.00000E+00    0.00000E+00    0.00000E+00   -0.00000E+00   -0.10995E-13
    0.16600E+07    0.00000E+00    0.00000E+00    0.00000E+00    0.00000E+00   -0.00000E+00   -0.11265E-13
    0.16800E+07    0.00000E+00    0.00000E+00    0.00000E+00    0.00000E+00   -0.00000E+00   -0.11538E-13
    0.17000E+07    0.00000E+00    0.00000E+00    0.00000E+00    0.00000E+00   -0.00000E+00   -0.11814E-13
    0.17200E+07    0.00000E+00    0.00000E+00    0.00000E+00    0.00000E+00   -0.00000E+00   -0.12094E-13
    0.17400E+07    0.00000E+00    0.00000E+00    0.00000E+00    0.00000E+00   -0.00000E+00   -0.12376E-13
    0.17600E+07    0.00000E+00    0.00000E+00    0.00000E+00    0.00000E+00   -0.00000E+00   -0.12663E-13
    0.17800E+07    0.00000E+00    0.00000E+00    0.00000E+00    0.00000E+00   -0.00000E+00   -0.12952E-13
    0.18000E+07    0.00000E+00    0.00000E+00    0.00000E+00    0.00000E+00   -0.00000E+00   -0.13245E-13
    0.18200E+07    0.00000E+00    0.00000E+00    0.00000E+00    0.00000E+00   -0.00000E+00   -0.13541E-13
    0.18400E+07    0.00000E+00    0.00000E+00    0.00000E+00    0.00000E+00   -0.00000E+00   -0.13840E-13
    0.18600E+07    0.00000E+00    0.00000E+00    0.00000E+00    0.00000E+00   -0.00000E+00   -0.14142E-13
    0.18800E+07    0.00000E+00    0.00000E+00    0.00000E+00    0.00000E+00   -0.00000E+00   -0.14448E-13
    0.19000E+07    0.00000E+00    0.00000E+00    0.00000E+00    0.00000E+00   -0.00000E+00   -0.14757E-13
    0.19200E+07    0.00000E+00    0.00000E+00    0.00000E+00    0.00000E+00   -0.00000E+00   -0.15070E-13
    0.19400E+07    0.00000E+00    0.00000E+00    0.00000E+00    0.00000E+00   -0.00000E+00   -0.15385E-13
    0.19600E+07    0.00000E+00    0.00000E+00    0.00000E+00    0.00000E+00   -0.00000E+00   -0.15704E-13
    0.19800E+07    0.00000E+00    0.00000E+00    0.00000E+00    0.00000E+00   -0.00000E+00   -0.16026E-13
    0.20000E+07    0.00000E+00    0.00000E+00    0.00000E+00    0.00000E+00   -0.00000E+00   -0.16352E-13
    0.20200E+07    0.00000E+00    0.00000E+00    0.00000E+00    0.00000E+00   -0.00000E+00   -0.16680E-13
    0.20400E+07    0.00000E+00    0.00000E+00    0.00000E+00    0.00000E+00   -0.00000E+00   -0.17012E-13
    0.20600E+07    0.00000E+00    0.00000E+00    0.00000E+00    0.00000E+00   -0.00000E+00   -0.17347E-13
    0.20800E+07    0.00000E+00    0.00000E+00    0.00000E+00    0.00000E+00   -0.00000E+00   -0.17686E-13
    0.21000E+07    0.00000E+00    0.00000E+00    0.00000E+00    0.00000E+00   -0.00000E+00   -0.18028E-13
    0.21200E+07    0.00000E+00    0.00000E+00    0.00000E+00    0.00000E+00   -0.00000E+00   -0.18373E-13
    0.21400E+07    0.00000E+00    0.00000E+00    0.00000E+00    0.00000E+00   -0.00000E+00   -0.18721E-13
    0.21600E+07    0.00000E+00    0.00000E+00    0.00000E+00    0.00000E+00   -0.00000E+00   -0.19072E-13
    0.21800E+07    0.00000E+00    0.00000E+00    0.00000E+00    0.00000E+00   -0.00000E+00   -0.19427E-13
    0.22000E+07    0.00000E+00    0.00000E+00    0.00000E+00    0.00000E+00   -0.00000E+00   -0.19785E-13
    0.22200E+07    0.00000E+00    0.00000E+00    0.00000E+00    0.00000E+00   -0.00000E+00   -0.20147E-13
    0.22400E+07    0.00000E+00    0.00000E+00    0.00000E+00    0.00000E+00   -0.00000E+00   -0.20511E-13
    0.22600E+07    0.00000E+00    0.00000E+00    0.00000E+00    0.00000E+00   -0.00000E+00   -0.20879E-13
    0.22800E+07    0.00000E+00    0.00000E+00    0.00000E+00    0.00000E+00   -0.00000E+00   -0.21250E-13
    0.23000E+07    0.00000E+00    0.00000E+00    0.00000E+00    0.00000E+00   -0.00000E+00   -0.21625E-13
    0.23200E+07    0.00000E+00    0.00000E+00    0.00000E+00    0.00000E+00   -0.00000E+00   -0.22003E-13
    0.23400E+07    0.00000E+00    0.00000E+00    0.00000E+00    0.00000E+00   -0.00000E+00   -0.22384E-13
    0.23600E+07    0.00000E+00    0.00000E+00    0.00000E+00    0.00000E+00   -0.00000E+00   -0.22768E-13
    0.23800E+07    0.00000E+00    0.00000E+00    0.00000E+00    0.00000E+00   -0.00000E+00   -0.23155E-13
    0.24000E+07    0.00000E+00    0.00000E+00    0.00000E+00    0.00000E+00   -0.00000E+00   -0.23546E-13
    0.24200E+07    0.00000E+00    0.00000E+00    0.00000E+00    0.00000E+00   -0.00000E+00   -0.23940E-13
    0.24400E+07    0.00000E+00    0.00000E+00    0.00000E+00    0.00000E+00   -0.00000E+00   -0.24338E-13
    0.24600E+07    0.00000E+00    0.00000E+00    0.00000E+00    0.00000E+00   -0.00000E+00   -0.24738E-13
    0.24800E+07    0.00000E+00    0.00000E+00    0.00000E+00    0.00000E+00   -0.00000E+00   -0.25142E-13
    0.25000E+07    0.00000E+00    0.00000E+00    0.00000E+00    0.00000E+00   -0.00000E+00   -0.25549E-13
    0.25200E+07    0.00000E+00    0.00000E+00    0.00000E+00    0.00000E+00   -0.00000E+00   -0.25960E-13
    0.25400E+07    0.00000E+00    0.00000E+00    0.00000E+00    0.00000E+00   -0.00000E+00   -0.26373E-13
    0.25600E+07    0.00000E+00    0.00000E+00    0.00000E+00    0.00000E+00   -0.00000E+00   -0.26790E-13
    0.25800E+07    0.00000E+00    0.00000E+00    0.00000E+00    0.00000E+00   -0.00000E+00   -0.27211E-13
    0.26000E+07    0.00000E+00    0.00000E+00    0.00000E+00    0.00000E+00   -0.00000E+00   -0.27634E-13
    0.26200E+07    0.00000E+00    0.00000E+00    0.00000E+00    0.00000E+00   -0.00000E+00   -0.28061E-13
    0.26400E+07    0.00000E+00    0.00000E+00    0.00000E+00    0.00000E+00   -0.00000E+00   -0.28491E-13
    0.26600E+07    0.00000E+00    0.00000E+00    0.00000E+00    0.00000E+00   -0.00000E+00   -0.28924E-13
    0.26800E+07    0.00000E+00    0.00000E+00    0.00000E+00    0.00000E+00   -0.00000E+00   -0.29361E-13
    0.27000E+07    0.00000E+00    0.00000E+00    0.00000E+00    0.00000E+00   -0.00000E+00   -0.29801E-13
    0.27200E+07    0.00000E+00    0.00000E+00    0.00000E+00    0.00000E+00   -0.00000E+00   -0.30244E-13
    0.27400E+07    0.00000E+00    0.00000E+00    0.00000E+00    0.00000E+00   -0.00000E+00   -0.30690E-13
    0.27600E+07    0.00000E+00    0.00000E+00    0.00000E+00    0.00000E+00   -0.00000E+00   -0.31140E-13
    0.27800E+07    0.00000E+00    0.00000E+00    0.00000E+00    0.00000E+00   -0.00000E+00   -0.31593E-13
    0.28000E+07    0.00000E+00    0.00000E+00    0.00000E+00    0.00000E+00   -0.00000E+00   -0.32049E-13
    0.28200E+07    0.00000E+00    0.00000E+00    0.00000E+00    0.00000E+00   -0.00000E+00   -0.32509E-13
    0.28400E+07    0.00000E+00    0.00000E+00    0.00000E+00    0.00000E+00   -0.00000E+00   -0.32971E-13
    0.28600E+07    0.00000E+00    0.00000E+00    0.00000E+00    0.00000E+00   -0.00000E+00   -0.33437E-13
    0.28800E+07    0.00000E+00    0.00000E+00    0.00000E+00    0.00000E+00   -0.00000E+00   -0.33907E-13
    0.29000E+07    0.00000E+00    0.00000E+00    0.00000E+00    0.00000E+00   -0.00000E+00   -0.34379E-13
    0.29200E+07    0.00000E+00    0.00000E+00    0.00000E+00    0.00000E+00   -0.00000E+00   -0.34855E-13
    0.29400E+07    0.00000E+00    0.00000E+00    0.00000E+00    0.00000E+00   -0.00000E+00   -0.35334E-13
    0.29600E+07    0.00000E+00    0.00000E+00    0.00000E+00    0.00000E+00   -0.00000E+00   -0.35816E-13
    0.29800E+07    0.00000E+00    0.00000E+00    0.00000E+00    0.00000E+00   -0.00000E+00   -0.36302E-13
    0.30000E+07    0.00000E+00    0.00000E+00    0.00000E+00    0.00000E+00   -0.00000E+00   -0.36791E-13
    0.30200E+07    0.00000E+00    0.00000E+00    0.00000E+00    0.00000E+00   -0.00000E+00   -0.37283E-13
    0.30400E+07    0.00000E+00    0.00000E+00    0.00000E+00    0.00000E+00   -0.00000E+00   -0.37779E-13
    0.30600E+07    0.00000E+00    0.00000E+00    0.00000E+00    0.00000E+00   -0.00000E+00   -0.38277E-13
    0.30800E+07    0.00000E+00    0.00000E+00    0.00000E+00    0.00000E+00   -0.00000E+00   -0.38779E-13
    0.31000E+07    0.00000E+00    0.00000E+00    0.00000E+00    0.00000E+00   -0.00000E+00   -0.39285E-13
    0.31200E+07    0.00000E+00    0.00000E+00    0.00000E+00    0.00000E+00   -0.00000E+00   -0.39793E-13
    0.31400E+07    0.00000E+00    0.00000E+00    0.00000E+00    0.00000E+00   -0.00000E+00   -0.40305E-13
    0.31600E+07    0.00000E+00    0.00000E+00    0.00000E+00    0.00000E+00   -0.00000E+00   -0.40820E-13
    0.31800E+07    0.00000E+00    0.00000E+00    0.00000E+00    0.00000E+00   -0.00000E+00   -0.41338E-13
    0.32000E+07    0.00000E+00    0.00000E+00    0.00000E+00    0.00000E+00   -0.00000E+00   -0.41860E-13
    0.32200E+07    0.00000E+00    0.00000E+00    0.00000E+00    0.00000E+00   -0.00000E+00   -0.42385E-13
    0.32400E+07    0.00000E+00    0.00000E+00    0.00000E+00    0.00000E+00   -0.00000E+00   -0.42913E-13
    0.32600E+07    0.00000E+00    0.00000E+00    0.00000E+00    0.00000E+00   -0.00000E+00   -0.43444E-13
    0.32800E+07    0.00000E+00    0.00000E+00    0.00000E+00    0.00000E+00   -0.00000E+00   -0.43979E-13
    0.33000E+07    0.00000E+00    0.00000E+00    0.00000E+00    0.00000E+00   -0.00000E+00   -0.44517E-13
    0.33200E+07    0.00000E+00    0.00000E+00    0.00000E+00    0.00000E+00   -0.00000E+00   -0.45058E-13
    0.33400E+07    0.00000E+00    0.00000E+00    0.00000E+00    0.00000E+00   -0.00000E+00   -0.45603E-13
    0.33600E+07    0.00000E+00    0.00000E+00    0.00000E+00    0.00000E+00   -0.00000E+00   -0.46151E-13
    0.33800E+07    0.00000E+00    0.00000E+00    0.00000E+00    0.00000E+00   -0.00000E+00   -0.46702E-13
    0.34000E+07    0.00000E+00    0.00000E+00    0.00000E+00    0.00000E+00   -0.00000E+00   -0.47256E-13
    0.34200E+07    0.00000E+00    0.00000E+00    0.00000E+00    0.00000E+00   -0.00000E+00   -0.47814E-13
    0.34400E+07    0.00000E+00    0.00000E+00    0.00000E+00    0.00000E+00   -0.00000E+00   -0.48374E-13
    0.34600E+07    0.00000E+00    0.00000E+00    0.00000E+00    0.00000E+00   -0.00000E+00   -0.48939E-13
    0.34800E+07    0.00000E+00    0.00000E+00    0.00000E+00    0.00000E+00   -0.00000E+00   -0.49506E-13
    0.34800E+07    0.00000E+00    0.00000E+00    0.00000E+00    0.00000E+00   -0.00000E+00   -0.49506E-13
    0.34850E+07    0.00000E+00    0.00000E+00    0.00000E+00    0.00000E+00   -0.00000E+00   -0.49648E-13
    0.34900E+07    0.00000E+00    0.00000E+00    0.00000E+00    0.00000E+00   -0.00000E+00   -0.49791E-13
    0.34950E+07    0.00000E+00    0.00000E+00    0.00000E+00    0.00000E+00   -0.00000E+00   -0.49934E-13
    0.35000E+07    0.00000E+00    0.00000E+00    0.00000E+00    0.00000E+00   -0.00000E+00   -0.50077E-13
    0.35050E+07    0.00000E+00    0.00000E+00    0.00000E+00    0.00000E+00   -0.00000E+00   -0.50220E-13
    0.35100E+07    0.00000E+00    0.00000E+00    0.00000E+00    0.00000E+00   -0.00000E+00   -0.50363E-13
    0.35150E+07    0.00000E+00    0.00000E+00    0.00000E+00    0.00000E+00   -0.00000E+00   -0.50507E-13
    0.35200E+07    0.00000E+00    0.00000E+00    0.00000E+00    0.00000E+00   -0.00000E+00   -0.50651E-13
    0.35250E+07    0.00000E+00    0.00000E+00    0.00000E+00    0.00000E+00   -0.00000E+00   -0.50795E-13
    0.35300E+07    0.00000E+00    0.00000E+00    0.00000E+00    0.00000E+00   -0.00000E+00   -0.50939E-13
    0.35350E+07    0.00000E+00    0.00000E+00    0.00000E+00    0.00000E+00   -0.00000E+00   -0.51083E-13
    0.35400E+07    0.00000E+00    0.00000E+00    0.00000E+00    0.00000E+00   -0.00000E+00   -0.51228E-13
    0.35450E+07    0.00000E+00    0.00000E+00    0.00000E+00    0.00000E+00   -0.00000E+00   -0.51373E-13
    0.35500E+07    0.00000E+00    0.00000E+00    0.00000E+00    0.00000E+00   -0.00000E+00   -0.51518E-13
    0.35550E+07    0.00000E+00    0.00000E+00    0.00000E+00    0.00000E+00   -0.00000E+00   -0.51663E-13
    0.35600E+07    0.00000E+00    0.00000E+00    0.00000E+00    0.00000E+00   -0.00000E+00   -0.51808E-13
    0.35650E+07    0.00000E+00    0.00000E+00    0.00000E+00    0.00000E+00   -0.00000E+00   -0.51954E-13
    0.35700E+07    0.00000E+00    0.00000E+00    0.00000E+00    0.00000E+00   -0.00000E+00   -0.52100E-13
    0.35750E+07    0.00000E+00    0.00000E+00    0.00000E+00    0.00000E+00   -0.00000E+00   -0.52246E-13
    0.35800E+07    0.00000E+00    0.00000E+00    0.00000E+00    0.00000E+00   -0.00000E+00   -0.52392E-13
    0.35850E+07    0.00000E+00    0.00000E+00    0.00000E+00    0.00000E+00   -0.00000E+00   -0.52538E-13
    0.35900E+07    0.00000E+00    0.00000E+00    0.00000E+00    0.00000E+00   -0.00000E+00   -0.52685E-13
    0.35950E+07    0.00000E+00    0.00000E+00    0.00000E+00    0.00000E+00   -0.00000E+00   -0.52832E-13
    0.36000E+07    0.00000E+00    0.00000E+00    0.00000E+00    0.00000E+00   -0.00000E+00   -0.52979E-13
    0.36050E+07    0.00000E+00    0.00000E+00    0.00000E+00    0.00000E+00   -0.00000E+00   -0.53126E-13
    0.36100E+07    0.00000E+00    0.00000E+00    0.00000E+00    0.00000E+00   -0.00000E+00   -0.53274E-13
    0.36150E+07    0.00000E+00    0.00000E+00    0.00000E+00    0.00000E+00   -0.00000E+00   -0.53421E-13
    0.36200E+07    0.00000E+00    0.00000E+00    0.00000E+00    0.00000E+00   -0.00000E+00   -0.53569E-13
    0.36250E+07    0.00000E+00    0.00000E+00    0.00000E+00    0.00000E+00   -0.00000E+00   -0.53717E-13
    0.36300E+07    0.00000E+00    0.00000E+00    0.00000E+00    0.00000E+00   -0.00000E+00   -0.53866E-13
    0.36300E+07    0.00000E+00    0.00000E+00    0.00000E+00    0.00000E+00   -0.00000E+00   -0.53866E-13
    0.36350E+07    0.00000E+00    0.00000E+00    0.00000E+00    0.00000E+00   -0.00000E+00   -0.54014E-13
    0.36400E+07    0.00000E+00    0.00000E+00    0.00000E+00    0.00000E+00   -0.00000E+00   -0.54163E-13
    0.36450E+07    0.00000E+00    0.00000E+00    0.00000E+00    0.00000E+00   -0.00000E+00   -0.54312E-13
    0.36500E+07    0.00000E+00    0.00000E+00    0.00000E+00    0.00000E+00   -0.00000E+00   -0.54461E-13
    0.36550E+07    0.00000E+00    0.00000E+00    0.00000E+00    0.00000E+00   -0.00000E+00   -0.54610E-13
    0.36600E+07    0.00000E+00    0.00000E+00    0.00000E+00    0.00000E+00   -0.00000E+00   -0.54760E-13
    0.36650E+07    0.00000E+00    0.00000E+00    0.00000E+00    0.00000E+00   -0.00000E+00   -0.54909E-13
    0.36700E+07    0.00000E+00    0.00000E+00    0.00000E+00    0.00000E+00   -0.00000E+00   -0.55059E-13
    0.36750E+07    0.00000E+00    0.00000E+00    0.00000E+00    0.00000E+00   -0.00000E+00   -0.55209E-13
    0.36800E+07    0.00000E+00    0.00000E+00    0.00000E+00    0.00000E+00   -0.00000E+00   -0.55360E-13
    0.36850E+07    0.00000E+00    0.00000E+00    0.00000E+00    0.00000E+00   -0.00000E+00   -0.55510E-13
    0.36900E+07    0.00000E+00    0.00000E+00    0.00000E+00    0.00000E+00   -0.00000E+00   -0.55661E-13
    0.36950E+07    0.00000E+00    0.00000E+00    0.00000E+00    0.00000E+00   -0.00000E+00   -0.55812E-13
    0.37000E+07    0.00000E+00    0.00000E+00    0.00000E+00    0.00000E+00   -0.00000E+00   -0.55963E-13
    0.37050E+07    0.00000E+00    0.00000E+00    0.00000E+00    0.00000E+00   -0.00000E+00   -0.56115E-13
    0.37100E+07    0.00000E+00    0.00000E+00    0.00000E+00    0.00000E+00   -0.00000E+00   -0.56266E-13
    0.37150E+07    0.00000E+00    0.00000E+00    0.00000E+00    0.00000E+00   -0.00000E+00   -0.56418E-13
    0.37200E+07    0.00000E+00    0.00000E+00    0.00000E+00    0.00000E+00   -0.00000E+00   -0.56570E-13
    0.37250E+07    0.00000E+00    0.00000E+00    0.00000E+00    0.00000E+00   -0.00000E+00   -0.56722E-13
    0.37300E+07    0.00000E+00    0.00000E+00    0.00000E+00    0.00000E+00   -0.00000E+00   -0.56874E-13
    0.37350E+07    0.00000E+00    0.00000E+00    0.00000E+00    0.00000E+00   -0.00000E+00   -0.57027E-13
    0.37400E+07    0.00000E+00    0.00000E+00    0.00000E+00    0.00000E+00   -0.00000E+00   -0.57180E-13
    0.37450E+07    0.00000E+00    0.00000E+00    0.00000E+00    0.00000E+00   -0.00000E+00   -0.57333E-13
    0.37500E+07    0.00000E+00    0.00000E+00    0.00000E+00    0.00000E+00   -0.00000E+00   -0.57486E-13
    0.37550E+07    0.00000E+00    0.00000E+00    0.00000E+00    0.00000E+00   -0.00000E+00   -0.57639E-13
    0.37600E+07    0.00000E+00    0.00000E+00    0.00000E+00    0.00000E+00   -0.00000E+00   -0.57793E-13
    0.37650E+07    0.00000E+00    0.00000E+00    0.00000E+00    0.00000E+00   -0.00000E+00   -0.57947E-13
    0.37700E+07    0.00000E+00    0.00000E+00    0.00000E+00    0.00000E+00   -0.00000E+00   -0.58101E-13
    0.37750E+07    0.00000E+00    0.00000E+00    0.00000E+00    0.00000E+00   -0.00000E+00   -0.58255E-13
    0.37800E+07    0.00000E+00    0.00000E+00    0.00000E+00    0.00000E+00   -0.00000E+00   -0.58409E-13
    0.37850E+07    0.00000E+00    0.00000E+00    0.00000E+00    0.00000E+00   -0.00000E+00   -0.58564E-13
    0.37900E+07    0.00000E+00    0.00000E+00    0.00000E+00    0.00000E+00   -0.00000E+00   -0.58719E-13
    0.37950E+07    0.00000E+00    0.00000E+00    0.00000E+00    0.00000E+00   -0.00000E+00   -0.58874E-13
    0.38000E+07    0.00000E+00    0.00000E+00    0.00000E+00    0.00000E+00   -0.00000E+00   -0.59029E-13
    0.38050E+07    0.00000E+00    0.00000E+00    0.00000E+00    0.00000E+00   -0.00000E+00   -0.59185E-13
    0.38100E+07    0.00000E+00    0.00000E+00    0.00000E+00    0.00000E+00   -0.00000E+00   -0.59340E-13
    0.38150E+07    0.00000E+00    0.00000E+00    0.00000E+00    0.00000E+00   -0.00000E+00   -0.59496E-13
    0.38200E+07    0.00000E+00    0.00000E+00    0.00000E+00    0.00000E+00   -0.00000E+00   -0.59652E-13
    0.38250E+07    0.00000E+00    0.00000E+00    0.00000E+00    0.00000E+00   -0.00000E+00   -0.59808E-13
    0.38300E+07    0.00000E+00    0.00000E+00    0.00000E+00    0.00000E+00   -0.00000E+00   -0.59965E-13
    0.38350E+07    0.00000E+00    0.00000E+00    0.00000E+00    0.00000E+00   -0.00000E+00   -0.60121E-13
    0.38400E+07    0.00000E+00    0.00000E+00    0.00000E+00    0.00000E+00   -0.00000E+00   -0.60278E-13
    0.38450E+07    0.00000E+00    0.00000E+00    0.00000E+00    0.00000E+00   -0.00000E+00   -0.60435E-13
    0.38500E+07    0.00000E+00    0.00000E+00    0.00000E+00    0.00000E+00   -0.00000E+00   -0.60593E-13
    0.38550E+07    0.00000E+00    0.00000E+00    0.00000E+00    0.00000E+00   -0.00000E+00   -0.60750E-13
    0.38600E+07    0.00000E+00    0.00000E+00    0.00000E+00    0.00000E+00   -0.00000E+00   -0.60908E-13
    0.38650E+07    0.00000E+00    0.00000E+00    0.00000E+00    0.00000E+00   -0.00000E+00   -0.61066E-13
    0.38700E+07    0.00000E+00    0.00000E+00    0.00000E+00    0.00000E+00   -0.00000E+00   -0.61224E-13
    0.38710E+07    0.00000E+00    0.00000E+00    0.00000E+00    0.00000E+00   -0.00000E+00   -0.61256E-13
    0.41210E+07    0.00000E+00    0.00000E+00    0.00000E+00    0.00000E+00   -0.00000E+00   -0.69423E-13
    0.43710E+07    0.00000E+00    0.00000E+00    0.00000E+00    0.00000E+00   -0.00000E+00   -0.78102E-13
    0.46210E+07    0.00000E+00    0.00000E+00    0.00000E+00    0.00000E+00   -0.00000E+00   -0.87291E-13
    0.48710E+07    0.00000E+00    0.00000E+00    0.00000E+00    0.00000E+00   -0.00000E+00   -0.96992E-13
    0.51210E+07    0.23048E-35    0.51931E-36    0.61924E-38   -0.51928E-36   -0.23953E-32   -0.10720E-12
    0.53710E+07    0.76270E-28    0.17087E-28    0.20895E-30   -0.17083E-28   -0.73263E-25   -0.11793E-12
    0.55710E+07    0.28428E-22    0.63414E-23    0.80250E-25   -0.63369E-23   -0.25327E-19   -0.12687E-12
    0.56710E+07    0.12018E-19    0.27440E-20    0.33922E-22   -0.27376E-20   -0.10743E-16   -0.13147E-12
    0.57710E+07    0.39837E-17    0.94854E-18    0.11495E-19   -0.94576E-18   -0.37904E-14   -0.13614E-12
    0.58710E+07    0.70368E-15    0.15966E-15    0.22005E-17   -0.15935E-15   -0.61779E-12   -0.14051E-12
    0.59710E+07    0.88831E-13    0.19611E-13    0.28460E-15   -0.19223E-13   -0.69747E-10   -0.99089E-13
    0.60210E+07    0.84665E-12    0.17874E-12    0.28257E-14   -0.17917E-12   -0.65808E-09    0.27483E-12
    0.60710E+07    0.75998E-11    0.15846E-11    0.25539E-13   -0.15969E-11   -0.59351E-08    0.34720E-11
    0.61210E+07    0.63408E-10    0.13344E-10    0.21971E-12   -0.13614E-10   -0.51989E-07    0.27976E-10
    0.61710E+07    0.44088E-09    0.96109E-10    0.16388E-11   -0.10018E-09   -0.39242E-06    0.17098E-09
    0.62210E+07    0.19825E-08    0.40619E-09    0.82692E-11   -0.41188E-09   -0.16355E-05    0.62393E-09
    0.62460E+07    0.34365E-08    0.61424E-09    0.14706E-10   -0.58994E-09   -0.23079E-05    0.96346E-09
    0.62710E+07    0.53261E-08    0.79792E-09    0.21988E-10   -0.71599E-09   -0.26281E-05    0.12923E-08
    0.62960E+07    0.70961E-08    0.88805E-09    0.25789E-10   -0.71805E-09   -0.22308E-05    0.12433E-08
    0.63210E+07    0.68063E-08    0.72341E-09    0.12310E-10   -0.32320E-09   -0.56552E-06   -0.33581E-09
    0.63460E+07    0.22771E-08    0.99407E-10   -0.54094E-10    0.17752E-08    0.79675E-06   -0.35715E-08
    0.63593E+07    0.24917E-08    0.16781E-09   -0.12816E-09    0.44869E-08   -0.24234E-05   -0.19155E-08
    0.63593E+07    0.27659E-08    0.24750E-09   -0.10027E-09    0.31715E-08   -0.32238E-05   -0.32931E-08
    0.63618E+07    0.46128E-08    0.61286E-09   -0.11219E-09    0.27084E-08   -0.57424E-05   -0.26312E-08
    0.63641E+07    0.53692E-08    0.78446E-09   -0.10979E-09    0.26303E-08   -0.62051E-05   -0.26081E-08
    0.63658E+07    0.51719E-08    0.11285E-08   -0.71797E-10    0.75372E-09   -0.64649E-05   -0.58884E-08
    0.63658E+07   -0.35958E-09    0.29570E-10   -0.15022E-10    0.18009E-08    0.22112E-06   -0.92698E-08
    0.63659E+07   -0.31817E-09    0.22824E-10   -0.15074E-10    0.17616E-08    0.19488E-06   -0.93117E-08
    0.63659E+07    0.00000E+00    0.16349E-08   -0.00000E+00    0.53375E-09    0.37209E-06   -0.49831E-08
    0.63710E+07    0.00000E+00    0.10612E-12    0.00000E+00   -0.10612E-12   -0.15919E-09   -0.77632E-08
