    0.10000E+01    0.00000E+00    0.00000E+00    0.00000E+00    0.00000E+00   -0.00000E+00    0.48765E-26
    0.20000E+05    0.00000E+00    0.00000E+00    0.00000E+00    0.00000E+00   -0.00000E+00    0.19506E-17
    0.40000E+05    0.00000E+00    0.00000E+00    0.00000E+00    0.00000E+00   -0.00000E+00    0.78024E-17
    0.60000E+05    0.00000E+00    0.00000E+00    0.00000E+00    0.00000E+00   -0.00000E+00    0.17555E-16
    0.80000E+05    0.00000E+00    0.00000E+00    0.00000E+00    0.00000E+00   -0.00000E+00    0.31210E-16
    0.10000E+06    0.00000E+00    0.00000E+00    0.00000E+00    0.00000E+00   -0.00000E+00    0.48765E-16
    0.12000E+06    0.00000E+00    0.00000E+00    0.00000E+00    0.00000E+00   -0.00000E+00    0.70222E-16
    0.14000E+06    0.00000E+00    0.00000E+00    0.00000E+00    0.00000E+00   -0.00000E+00    0.95580E-16
    0.16000E+06    0.00000E+00    0.00000E+00    0.00000E+00    0.00000E+00   -0.00000E+00    0.12484E-15
    0.18000E+06    0.00000E+00    0.00000E+00    0.00000E+00    0.00000E+00   -0.00000E+00    0.15800E-15
    0.20000E+06    0.00000E+00    0.00000E+00    0.00000E+00    0.00000E+00   -0.00000E+00    0.19506E-15
    0.22000E+06    0.00000E+00    0.00000E+00    0.00000E+00    0.00000E+00   -0.00000E+00    0.23602E-15
    0.24000E+06    0.00000E+00    0.00000E+00    0.00000E+00    0.00000E+00   -0.00000E+00    0.28089E-15
    0.26000E+06    0.00000E+00    0.00000E+00    0.00000E+00    0.00000E+00   -0.00000E+00    0.32965E-15
    0.28000E+06    0.00000E+00    0.00000E+00    0.00000E+00    0.00000E+00   -0.00000E+00    0.38232E-15
    0.30000E+06    0.00000E+00    0.00000E+00    0.00000E+00    0.00000E+00   -0.00000E+00    0.43889E-15
    0.32000E+06    0.00000E+00    0.00000E+00    0.00000E+00    0.00000E+00   -0.00000E+00    0.49936E-15
    0.34000E+06    0.00000E+00    0.00000E+00    0.00000E+00    0.00000E+00   -0.00000E+00    0.56373E-15
    0.36000E+06    0.00000E+00    0.00000E+00    0.00000E+00    0.00000E+00   -0.00000E+00    0.63200E-15
    0.38000E+06    0.00000E+00    0.00000E+00    0.00000E+00    0.00000E+00   -0.00000E+00    0.70417E-15
    0.40000E+06    0.00000E+00    0.00000E+00    0.00000E+00    0.00000E+00   -0.00000E+00    0.78024E-15
    0.42000E+06    0.00000E+00    0.00000E+00    0.00000E+00    0.00000E+00   -0.00000E+00    0.86022E-15
    0.44000E+06    0.00000E+00    0.00000E+00    0.00000E+00    0.00000E+00   -0.00000E+00    0.94409E-15
    0.46000E+06    0.00000E+00    0.00000E+00    0.00000E+00    0.00000E+00   -0.00000E+00    0.10319E-14
    0.48000E+06    0.00000E+00    0.00000E+00    0.00000E+00    0.00000E+00   -0.00000E+00    0.11235E-14
    0.50000E+06    0.00000E+00    0.00000E+00    0.00000E+00    0.00000E+00   -0.00000E+00    0.12191E-14
    0.52000E+06    0.00000E+00    0.00000E+00    0.00000E+00    0.00000E+00   -0.00000E+00    0.13186E-14
    0.54000E+06    0.00000E+00    0.00000E+00    0.00000E+00    0.00000E+00   -0.00000E+00    0.14220E-14
    0.56000E+06    0.00000E+00    0.00000E+00    0.00000E+00    0.00000E+00   -0.00000E+00    0.15293E-14
    0.58000E+06    0.00000E+00    0.00000E+00    0.00000E+00    0.00000E+00   -0.00000E+00    0.16405E-14
    0.60000E+06    0.00000E+00    0.00000E+00    0.00000E+00    0.00000E+00   -0.00000E+00    0.17555E-14
    0.62000E+06    0.00000E+00    0.00000E+00    0.00000E+00    0.00000E+00   -0.00000E+00    0.18745E-14
    0.64000E+06    0.00000E+00    0.00000E+00    0.00000E+00    0.00000E+00   -0.00000E+00    0.19974E-14
    0.66000E+06    0.00000E+00    0.00000E+00    0.00000E+00    0.00000E+00   -0.00000E+00    0.21242E-14
    0.68000E+06    0.00000E+00    0.00000E+00    0.00000E+00    0.00000E+00   -0.00000E+00    0.22549E-14
    0.70000E+06    0.00000E+00    0.00000E+00    0.00000E+00    0.00000E+00   -0.00000E+00    0.23895E-14
    0.72000E+06    0.00000E+00    0.00000E+00    0.00000E+00    0.00000E+00   -0.00000E+00    0.25280E-14
    0.74000E+06    0.00000E+00    0.00000E+00    0.00000E+00    0.00000E+00   -0.00000E+00    0.26704E-14
    0.76000E+06    0.00000E+00    0.00000E+00    0.00000E+00    0.00000E+00   -0.00000E+00    0.28167E-14
    0.78000E+06    0.00000E+00    0.00000E+00    0.00000E+00    0.00000E+00   -0.00000E+00    0.29669E-14
    0.80000E+06    0.00000E+00    0.00000E+00    0.00000E+00    0.00000E+00   -0.00000E+00    0.31210E-14
    0.82000E+06    0.00000E+00    0.00000E+00    0.00000E+00    0.00000E+00   -0.00000E+00    0.32790E-14
    0.84000E+06    0.00000E+00    0.00000E+00    0.00000E+00    0.00000E+00   -0.00000E+00    0.34409E-14
    0.86000E+06    0.00000E+00    0.00000E+00    0.00000E+00    0.00000E+00   -0.00000E+00    0.36067E-14
    0.88000E+06    0.00000E+00    0.00000E+00    0.00000E+00    0.00000E+00   -0.00000E+00    0.37764E-14
    0.90000E+06    0.00000E+00    0.00000E+00    0.00000E+00    0.00000E+00   -0.00000E+00    0.39500E-14
    0.92000E+06    0.00000E+00    0.00000E+00    0.00000E+00    0.00000E+00   -0.00000E+00    0.41275E-14
    0.94000E+06    0.00000E+00    0.00000E+00    0.00000E+00    0.00000E+00   -0.00000E+00    0.43089E-14
    0.96000E+06    0.00000E+00    0.00000E+00    0.00000E+00    0.00000E+00   -0.00000E+00    0.44942E-14
    0.98000E+06    0.00000E+00    0.00000E+00    0.00000E+00    0.00000E+00   -0.00000E+00    0.46834E-14
    0.10000E+07    0.00000E+00    0.00000E+00    0.00000E+00    0.00000E+00   -0.00000E+00    0.48765E-14
    0.10200E+07    0.00000E+00    0.00000E+00    0.00000E+00    0.00000E+00   -0.00000E+00    0.50735E-14
    0.10400E+07    0.00000E+00    0.00000E+00    0.00000E+00    0.00000E+00   -0.00000E+00    0.52744E-14
    0.10600E+07    0.00000E+00    0.00000E+00    0.00000E+00    0.00000E+00   -0.00000E+00    0.54793E-14
    0.10800E+07    0.00000E+00    0.00000E+00    0.00000E+00    0.00000E+00   -0.00000E+00    0.56880E-14
    0.11000E+07    0.00000E+00    0.00000E+00    0.00000E+00    0.00000E+00   -0.00000E+00    0.59006E-14
    0.11200E+07    0.00000E+00    0.00000E+00    0.00000E+00    0.00000E+00   -0.00000E+00    0.61171E-14
    0.11400E+07    0.00000E+00    0.00000E+00    0.00000E+00    0.00000E+00   -0.00000E+00    0.63375E-14
    0.11600E+07    0.00000E+00    0.00000E+00    0.00000E+00    0.00000E+00   -0.00000E+00    0.65618E-14
    0.11800E+07    0.00000E+00    0.00000E+00    0.00000E+00    0.00000E+00   -0.00000E+00    0.67901E-14
    0.12000E+07    0.00000E+00    0.00000E+00    0.00000E+00    0.00000E+00   -0.00000E+00    0.70222E-14
    0.12200E+07    0.00000E+00    0.00000E+00    0.00000E+00    0.00000E+00   -0.00000E+00    0.72582E-14
    0.12215E+07    0.00000E+00    0.00000E+00    0.00000E+00    0.00000E+00   -0.00000E+00    0.72761E-14
    0.12215E+07    0.00000E+00    0.00000E+00    0.00000E+00    0.00000E+00   -0.00000E+00    0.72761E-14
    0.12400E+07    0.00000E+00    0.00000E+00    0.00000E+00    0.00000E+00   -0.00000E+00    0.74981E-14
    0.12600E+07    0.00000E+00    0.00000E+00    0.00000E+00    0.00000E+00   -0.00000E+00    0.77420E-14
    0.12800E+07    0.00000E+00    0.00000E+00    0.00000E+00    0.00000E+00   -0.00000E+00    0.79897E-14
    0.13000E+07    0.00000E+00    0.00000E+00    0.00000E+00    0.00000E+00   -0.00000E+00    0.82413E-14
    0.13200E+07    0.00000E+00    0.00000E+00    0.00000E+00    0.00000E+00   -0.00000E+00    0.84968E-14
    0.13400E+07    0.00000E+00    0.00000E+00    0.00000E+00    0.00000E+00   -0.00000E+00    0.87563E-14
    0.13600E+07    0.00000E+00    0.00000E+00    0.00000E+00    0.00000E+00   -0.00000E+00    0.90196E-14
    0.13800E+07    0.00000E+00    0.00000E+00    0.00000E+00    0.00000E+00   -0.00000E+00    0.92868E-14
    0.14000E+07    0.00000E+00    0.00000E+00    0.00000E+00    0.00000E+00   -0.00000E+00    0.95580E-14
    0.14200E+07    0.00000E+00    0.00000E+00    0.00000E+00    0.00000E+00   -0.00000E+00    0.98330E-14
    0.14400E+07    0.00000E+00    0.00000E+00    0.00000E+00    0.00000E+00   -0.00000E+00    0.10112E-13
    0.14600E+07    0.00000E+00    0.00000E+00    0.00000E+00    0.00000E+00   -0.00000E+00    0.10395E-13
    0.14800E+07    0.00000E+00    0.00000E+00    0.00000E+00    0.00000E+00   -0.00000E+00    0.10682E-13
    0.15000E+07    0.00000E+00    0.00000E+00    0.00000E+00    0.00000E+00   -0.00000E+00    0.10972E-13
    0.15200E+07    0.00000E+00    0.00000E+00    0.00000E+00    0.00000E+00   -0.00000E+00    0.11267E-13
    0.15400E+07    0.00000E+00    0.00000E+00    0.00000E+00    0.00000E+00   -0.00000E+00    0.11565E-13
    0.15600E+07    0.00000E+00    0.00000E+00    0.00000E+00    0.00000E+00   -0.00000E+00    0.11867E-13
    0.15800E+07    0.00000E+00    0.00000E+00    0.00000E+00    0.00000E+00   -0.00000E+00    0.12174E-13
    0.16000E+07    0.00000E+00    0.00000E+00    0.00000E+00    0.00000E+00   -0.00000E+00    0.12484E-13
    0.16200E+07    0.00000E+00    0.00000E+00    0.00000E+00    0.00000E+00   -0.00000E+00    0.12798E-13
    0.16400E+07    0.00000E+00    0.00000E+00    0.00000E+00    0.00000E+00   -0.00000E+00    0.13116E-13
    0.16600E+07    0.00000E+00    0.00000E+00    0.00000E+00    0.00000E+00   -0.00000E+00    0.13438E-13
    0.16800E+07    0.00000E+00    0.00000E+00    0.00000E+00    0.00000E+00   -0.00000E+00    0.13763E-13
    0.17000E+07    0.00000E+00    0.00000E+00    0.00000E+00    0.00000E+00   -0.00000E+00    0.14093E-13
    0.17200E+07    0.00000E+00    0.00000E+00    0.00000E+00    0.00000E+00   -0.00000E+00    0.14427E-13
    0.17400E+07    0.00000E+00    0.00000E+00    0.00000E+00    0.00000E+00   -0.00000E+00    0.14764E-13
    0.17600E+07    0.00000E+00    0.00000E+00    0.00000E+00    0.00000E+00   -0.00000E+00    0.15105E-13
    0.17800E+07    0.00000E+00    0.00000E+00    0.00000E+00    0.00000E+00   -0.00000E+00    0.15451E-13
    0.18000E+07    0.00000E+00    0.00000E+00    0.00000E+00    0.00000E+00   -0.00000E+00    0.15800E-13
    0.18200E+07    0.00000E+00    0.00000E+00    0.00000E+00    0.00000E+00   -0.00000E+00    0.16153E-13
    0.18400E+07    0.00000E+00    0.00000E+00    0.00000E+00    0.00000E+00   -0.00000E+00    0.16510E-13
    0.18600E+07    0.00000E+00    0.00000E+00    0.00000E+00    0.00000E+00   -0.00000E+00    0.16871E-13
    0.18800E+07    0.00000E+00    0.00000E+00    0.00000E+00    0.00000E+00   -0.00000E+00    0.17236E-13
    0.19000E+07    0.00000E+00    0.00000E+00    0.00000E+00    0.00000E+00   -0.00000E+00    0.17604E-13
    0.19200E+07    0.00000E+00    0.00000E+00    0.00000E+00    0.00000E+00   -0.00000E+00    0.17977E-13
    0.19400E+07    0.00000E+00    0.00000E+00    0.00000E+00    0.00000E+00   -0.00000E+00    0.18353E-13
    0.19600E+07    0.00000E+00    0.00000E+00    0.00000E+00    0.00000E+00   -0.00000E+00    0.18734E-13
    0.19800E+07    0.00000E+00    0.00000E+00    0.00000E+00    0.00000E+00   -0.00000E+00    0.19118E-13
    0.20000E+07    0.00000E+00    0.00000E+00    0.00000E+00    0.00000E+00   -0.00000E+00    0.19506E-13
    0.20200E+07    0.00000E+00    0.00000E+00    0.00000E+00    0.00000E+00   -0.00000E+00    0.19898E-13
    0.20400E+07    0.00000E+00    0.00000E+00    0.00000E+00    0.00000E+00   -0.00000E+00    0.20294E-13
    0.20600E+07    0.00000E+00    0.00000E+00    0.00000E+00    0.00000E+00   -0.00000E+00    0.20694E-13
    0.20800E+07    0.00000E+00    0.00000E+00    0.00000E+00    0.00000E+00   -0.00000E+00    0.21098E-13
    0.21000E+07    0.00000E+00    0.00000E+00    0.00000E+00    0.00000E+00   -0.00000E+00    0.21505E-13
    0.21200E+07    0.00000E+00    0.00000E+00    0.00000E+00    0.00000E+00   -0.00000E+00    0.21917E-13
    0.21400E+07    0.00000E+00    0.00000E+00    0.00000E+00    0.00000E+00   -0.00000E+00    0.22332E-13
    0.21600E+07    0.00000E+00    0.00000E+00    0.00000E+00    0.00000E+00   -0.00000E+00    0.22752E-13
    0.21800E+07    0.00000E+00    0.00000E+00    0.00000E+00    0.00000E+00   -0.00000E+00    0.23175E-13
    0.22000E+07    0.00000E+00    0.00000E+00    0.00000E+00    0.00000E+00   -0.00000E+00    0.23602E-13
    0.22200E+07    0.00000E+00    0.00000E+00    0.00000E+00    0.00000E+00   -0.00000E+00    0.24033E-13
    0.22400E+07    0.00000E+00    0.00000E+00    0.00000E+00    0.00000E+00   -0.00000E+00    0.24468E-13
    0.22600E+07    0.00000E+00    0.00000E+00    0.00000E+00    0.00000E+00   -0.00000E+00    0.24907E-13
    0.22800E+07    0.00000E+00    0.00000E+00    0.00000E+00    0.00000E+00   -0.00000E+00    0.25350E-13
    0.23000E+07    0.00000E+00    0.00000E+00    0.00000E+00    0.00000E+00   -0.00000E+00    0.25797E-13
    0.23200E+07    0.00000E+00    0.00000E+00    0.00000E+00    0.00000E+00   -0.00000E+00    0.26247E-13
    0.23400E+07    0.00000E+00    0.00000E+00    0.00000E+00    0.00000E+00   -0.00000E+00    0.26702E-13
    0.23600E+07    0.00000E+00    0.00000E+00    0.00000E+00    0.00000E+00   -0.00000E+00    0.27160E-13
    0.23800E+07    0.00000E+00    0.00000E+00    0.00000E+00    0.00000E+00   -0.00000E+00    0.27623E-13
    0.24000E+07    0.00000E+00    0.00000E+00    0.00000E+00    0.00000E+00   -0.00000E+00    0.28089E-13
    0.24200E+07    0.00000E+00    0.00000E+00    0.00000E+00    0.00000E+00   -0.00000E+00    0.28559E-13
    0.24400E+07    0.00000E+00    0.00000E+00    0.00000E+00    0.00000E+00   -0.00000E+00    0.29033E-13
    0.24600E+07    0.00000E+00    0.00000E+00    0.00000E+00    0.00000E+00   -0.00000E+00    0.29511E-13
    0.24800E+07    0.00000E+00    0.00000E+00    0.00000E+00    0.00000E+00   -0.00000E+00    0.29993E-13
    0.25000E+07    0.00000E+00    0.00000E+00    0.00000E+00    0.00000E+00   -0.00000E+00    0.30478E-13
    0.25200E+07    0.00000E+00    0.00000E+00    0.00000E+00    0.00000E+00   -0.00000E+00    0.30968E-13
    0.25400E+07    0.00000E+00    0.00000E+00    0.00000E+00    0.00000E+00   -0.00000E+00    0.31461E-13
    0.25600E+07    0.00000E+00    0.00000E+00    0.00000E+00    0.00000E+00   -0.00000E+00    0.31959E-13
    0.25800E+07    0.00000E+00    0.00000E+00    0.00000E+00    0.00000E+00   -0.00000E+00    0.32460E-13
    0.26000E+07    0.00000E+00    0.00000E+00    0.00000E+00    0.00000E+00   -0.00000E+00    0.32965E-13
    0.26200E+07    0.00000E+00    0.00000E+00    0.00000E+00    0.00000E+00   -0.00000E+00    0.33474E-13
    0.26400E+07    0.00000E+00    0.00000E+00    0.00000E+00    0.00000E+00   -0.00000E+00    0.33987E-13
    0.26600E+07    0.00000E+00    0.00000E+00    0.00000E+00    0.00000E+00   -0.00000E+00    0.34504E-13
    0.26800E+07    0.00000E+00    0.00000E+00    0.00000E+00    0.00000E+00   -0.00000E+00    0.35025E-13
    0.27000E+07    0.00000E+00    0.00000E+00    0.00000E+00    0.00000E+00   -0.00000E+00    0.35550E-13
    0.27200E+07    0.00000E+00    0.00000E+00    0.00000E+00    0.00000E+00   -0.00000E+00    0.36078E-13
    0.27400E+07    0.00000E+00    0.00000E+00    0.00000E+00    0.00000E+00   -0.00000E+00    0.36611E-13
    0.27600E+07    0.00000E+00    0.00000E+00    0.00000E+00    0.00000E+00   -0.00000E+00    0.37147E-13
    0.27800E+07    0.00000E+00    0.00000E+00    0.00000E+00    0.00000E+00   -0.00000E+00    0.37688E-13
    0.28000E+07    0.00000E+00    0.00000E+00    0.00000E+00    0.00000E+00   -0.00000E+00    0.38232E-13
    0.28200E+07    0.00000E+00    0.00000E+00    0.00000E+00    0.00000E+00   -0.00000E+00    0.38780E-13
    0.28400E+07    0.00000E+00    0.00000E+00    0.00000E+00    0.00000E+00   -0.00000E+00    0.39332E-13
    0.28600E+07    0.00000E+00    0.00000E+00    0.00000E+00    0.00000E+00   -0.00000E+00    0.39888E-13
    0.28800E+07    0.00000E+00    0.00000E+00    0.00000E+00    0.00000E+00   -0.00000E+00    0.40448E-13
    0.29000E+07    0.00000E+00    0.00000E+00    0.00000E+00    0.00000E+00   -0.00000E+00    0.41011E-13
    0.29200E+07    0.00000E+00    0.00000E+00    0.00000E+00    0.00000E+00   -0.00000E+00    0.41579E-13
    0.29400E+07    0.00000E+00    0.00000E+00    0.00000E+00    0.00000E+00   -0.00000E+00    0.42151E-13
    0.29600E+07    0.00000E+00    0.00000E+00    0.00000E+00    0.00000E+00   -0.00000E+00    0.42726E-13
    0.29800E+07    0.00000E+00    0.00000E+00    0.00000E+00    0.00000E+00   -0.00000E+00    0.43305E-13
    0.30000E+07    0.00000E+00    0.00000E+00    0.00000E+00    0.00000E+00   -0.00000E+00    0.43889E-13
    0.30200E+07    0.00000E+00    0.00000E+00    0.00000E+00    0.00000E+00   -0.00000E+00    0.44476E-13
    0.30400E+07    0.00000E+00    0.00000E+00    0.00000E+00    0.00000E+00   -0.00000E+00    0.45067E-13
    0.30600E+07    0.00000E+00    0.00000E+00    0.00000E+00    0.00000E+00   -0.00000E+00    0.45662E-13
    0.30800E+07    0.00000E+00    0.00000E+00    0.00000E+00    0.00000E+00   -0.00000E+00    0.46261E-13
    0.31000E+07    0.00000E+00    0.00000E+00    0.00000E+00    0.00000E+00   -0.00000E+00    0.46863E-13
    0.31200E+07    0.00000E+00    0.00000E+00    0.00000E+00    0.00000E+00   -0.00000E+00    0.47470E-13
    0.31400E+07    0.00000E+00    0.00000E+00    0.00000E+00    0.00000E+00   -0.00000E+00    0.48080E-13
    0.31600E+07    0.00000E+00    0.00000E+00    0.00000E+00    0.00000E+00   -0.00000E+00    0.48695E-13
    0.31800E+07    0.00000E+00    0.00000E+00    0.00000E+00    0.00000E+00   -0.00000E+00    0.49313E-13
    0.32000E+07    0.00000E+00    0.00000E+00    0.00000E+00    0.00000E+00   -0.00000E+00    0.49936E-13
    0.32200E+07    0.00000E+00    0.00000E+00    0.00000E+00    0.00000E+00   -0.00000E+00    0.50562E-13
    0.32400E+07    0.00000E+00    0.00000E+00    0.00000E+00    0.00000E+00   -0.00000E+00    0.51192E-13
    0.32600E+07    0.00000E+00    0.00000E+00    0.00000E+00    0.00000E+00   -0.00000E+00    0.51826E-13
    0.32800E+07    0.00000E+00    0.00000E+00    0.00000E+00    0.00000E+00   -0.00000E+00    0.52463E-13
    0.33000E+07    0.00000E+00    0.00000E+00    0.00000E+00    0.00000E+00   -0.00000E+00    0.53105E-13
    0.33200E+07    0.00000E+00    0.00000E+00    0.00000E+00    0.00000E+00   -0.00000E+00    0.53751E-13
    0.33400E+07    0.00000E+00    0.00000E+00    0.00000E+00    0.00000E+00   -0.00000E+00    0.54400E-13
    0.33600E+07    0.00000E+00    0.00000E+00    0.00000E+00    0.00000E+00   -0.00000E+00    0.55054E-13
    0.33800E+07    0.00000E+00    0.00000E+00    0.00000E+00    0.00000E+00   -0.00000E+00    0.55711E-13
    0.34000E+07    0.00000E+00    0.00000E+00    0.00000E+00    0.00000E+00   -0.00000E+00    0.56373E-13
    0.34200E+07    0.00000E+00    0.00000E+00    0.00000E+00    0.00000E+00   -0.00000E+00    0.57038E-13
    0.34400E+07    0.00000E+00    0.00000E+00    0.00000E+00    0.00000E+00   -0.00000E+00    0.57707E-13
    0.34600E+07    0.00000E+00    0.00000E+00    0.00000E+00    0.00000E+00   -0.00000E+00    0.58380E-13
    0.34800E+07    0.00000E+00    0.00000E+00    0.00000E+00    0.00000E+00   -0.00000E+00    0.59057E-13
    0.34800E+07    0.00000E+00    0.00000E+00    0.00000E+00    0.00000E+00   -0.00000E+00    0.59057E-13
    0.34850E+07    0.00000E+00    0.00000E+00    0.00000E+00    0.00000E+00   -0.00000E+00    0.59226E-13
    0.34900E+07    0.00000E+00    0.00000E+00    0.00000E+00    0.00000E+00   -0.00000E+00    0.59396E-13
    0.34950E+07    0.00000E+00    0.00000E+00    0.00000E+00    0.00000E+00   -0.00000E+00    0.59567E-13
    0.35000E+07    0.00000E+00    0.00000E+00    0.00000E+00    0.00000E+00   -0.00000E+00    0.59737E-13
    0.35050E+07    0.00000E+00    0.00000E+00    0.00000E+00    0.00000E+00   -0.00000E+00    0.59908E-13
    0.35100E+07    0.00000E+00    0.00000E+00    0.00000E+00    0.00000E+00   -0.00000E+00    0.60079E-13
    0.35150E+07    0.00000E+00    0.00000E+00    0.00000E+00    0.00000E+00   -0.00000E+00    0.60250E-13
    0.35200E+07    0.00000E+00    0.00000E+00    0.00000E+00    0.00000E+00   -0.00000E+00    0.60422E-13
    0.35250E+07    0.00000E+00    0.00000E+00    0.00000E+00    0.00000E+00   -0.00000E+00    0.60594E-13
    0.35300E+07    0.00000E+00    0.00000E+00    0.00000E+00    0.00000E+00   -0.00000E+00    0.60766E-13
    0.35350E+07    0.00000E+00    0.00000E+00    0.00000E+00    0.00000E+00   -0.00000E+00    0.60938E-13
    0.35400E+07    0.00000E+00    0.00000E+00    0.00000E+00    0.00000E+00   -0.00000E+00    0.61111E-13
    0.35450E+07    0.00000E+00    0.00000E+00    0.00000E+00    0.00000E+00   -0.00000E+00    0.61283E-13
    0.35500E+07    0.00000E+00    0.00000E+00    0.00000E+00    0.00000E+00   -0.00000E+00    0.61456E-13
    0.35550E+07    0.00000E+00    0.00000E+00    0.00000E+00    0.00000E+00   -0.00000E+00    0.61630E-13
    0.35600E+07    0.00000E+00    0.00000E+00    0.00000E+00    0.00000E+00   -0.00000E+00    0.61803E-13
    0.35650E+07    0.00000E+00    0.00000E+00    0.00000E+00    0.00000E+00   -0.00000E+00    0.61977E-13
    0.35700E+07    0.00000E+00    0.00000E+00    0.00000E+00    0.00000E+00   -0.00000E+00    0.62151E-13
    0.35750E+07    0.00000E+00    0.00000E+00    0.00000E+00    0.00000E+00   -0.00000E+00    0.62325E-13
    0.35800E+07    0.00000E+00    0.00000E+00    0.00000E+00    0.00000E+00   -0.00000E+00    0.62499E-13
    0.35850E+07    0.00000E+00    0.00000E+00    0.00000E+00    0.00000E+00   -0.00000E+00    0.62674E-13
    0.35900E+07    0.00000E+00    0.00000E+00    0.00000E+00    0.00000E+00   -0.00000E+00    0.62849E-13
    0.35950E+07    0.00000E+00    0.00000E+00    0.00000E+00    0.00000E+00   -0.00000E+00    0.63024E-13
    0.36000E+07    0.00000E+00    0.00000E+00    0.00000E+00    0.00000E+00   -0.00000E+00    0.63200E-13
    0.36050E+07    0.00000E+00    0.00000E+00    0.00000E+00    0.00000E+00   -0.00000E+00    0.63375E-13
    0.36100E+07    0.00000E+00    0.00000E+00    0.00000E+00    0.00000E+00   -0.00000E+00    0.63551E-13
    0.36150E+07    0.00000E+00    0.00000E+00    0.00000E+00    0.00000E+00   -0.00000E+00    0.63727E-13
    0.36200E+07    0.00000E+00    0.00000E+00    0.00000E+00    0.00000E+00   -0.00000E+00    0.63904E-13
    0.36250E+07    0.00000E+00    0.00000E+00    0.00000E+00    0.00000E+00   -0.00000E+00    0.64080E-13
    0.36300E+07    0.00000E+00    0.00000E+00    0.00000E+00    0.00000E+00   -0.00000E+00    0.64257E-13
    0.36300E+07    0.00000E+00    0.00000E+00    0.00000E+00    0.00000E+00   -0.00000E+00    0.64257E-13
    0.36350E+07    0.00000E+00    0.00000E+00    0.00000E+00    0.00000E+00   -0.00000E+00    0.64434E-13
    0.36400E+07    0.00000E+00    0.00000E+00    0.00000E+00    0.00000E+00   -0.00000E+00    0.64612E-13
    0.36450E+07    0.00000E+00    0.00000E+00    0.00000E+00    0.00000E+00   -0.00000E+00    0.64789E-13
    0.36500E+07    0.00000E+00    0.00000E+00    0.00000E+00    0.00000E+00   -0.00000E+00    0.64967E-13
    0.36550E+07    0.00000E+00    0.00000E+00    0.00000E+00    0.00000E+00   -0.00000E+00    0.65145E-13
    0.36600E+07    0.00000E+00    0.00000E+00    0.00000E+00    0.00000E+00   -0.00000E+00    0.65324E-13
    0.36650E+07    0.00000E+00    0.00000E+00    0.00000E+00    0.00000E+00   -0.00000E+00    0.65502E-13
    0.36700E+07    0.00000E+00    0.00000E+00    0.00000E+00    0.00000E+00   -0.00000E+00    0.65681E-13
    0.36750E+07    0.00000E+00    0.00000E+00    0.00000E+00    0.00000E+00   -0.00000E+00    0.65860E-13
    0.36800E+07    0.00000E+00    0.00000E+00    0.00000E+00    0.00000E+00   -0.00000E+00    0.66040E-13
    0.36850E+07    0.00000E+00    0.00000E+00    0.00000E+00    0.00000E+00   -0.00000E+00    0.66219E-13
    0.36900E+07    0.00000E+00    0.00000E+00    0.00000E+00    0.00000E+00   -0.00000E+00    0.66399E-13
    0.36950E+07    0.00000E+00    0.00000E+00    0.00000E+00    0.00000E+00   -0.00000E+00    0.66579E-13
    0.37000E+07    0.00000E+00    0.00000E+00    0.00000E+00    0.00000E+00   -0.00000E+00    0.66759E-13
    0.37050E+07    0.00000E+00    0.00000E+00    0.00000E+00    0.00000E+00   -0.00000E+00    0.66940E-13
    0.37100E+07    0.00000E+00    0.00000E+00    0.00000E+00    0.00000E+00   -0.00000E+00    0.67121E-13
    0.37150E+07    0.00000E+00    0.00000E+00    0.00000E+00    0.00000E+00   -0.00000E+00    0.67302E-13
    0.37200E+07    0.00000E+00    0.00000E+00    0.00000E+00    0.00000E+00   -0.00000E+00    0.67483E-13
    0.37250E+07    0.00000E+00    0.00000E+00    0.00000E+00    0.00000E+00   -0.00000E+00    0.67665E-13
    0.37300E+07    0.74513E-31    0.16545E-31    0.58540E-33   -0.16498E-31   -0.10271E-27    0.67846E-13
    0.37350E+07    0.88395E-31    0.19621E-31    0.69369E-33   -0.19568E-31   -0.12165E-27    0.68028E-13
    0.37400E+07    0.10484E-30    0.23267E-31    0.82196E-33   -0.23204E-31   -0.14408E-27    0.68211E-13
    0.37450E+07    0.12431E-30    0.27586E-31    0.97387E-33   -0.27513E-31   -0.17063E-27    0.68393E-13
    0.37500E+07    0.14735E-30    0.32700E-31    0.11537E-32   -0.32614E-31   -0.20205E-27    0.68576E-13
    0.37550E+07    0.17463E-30    0.38754E-31    0.13666E-32   -0.38653E-31   -0.23922E-27    0.68759E-13
    0.37600E+07    0.29078E-30    0.64514E-31    0.22671E-32   -0.64342E-31   -0.39818E-27    0.68942E-13
    0.37650E+07    0.34471E-30    0.76478E-31    0.26862E-32   -0.76275E-31   -0.47154E-27    0.69126E-13
    0.37700E+07    0.40854E-30    0.90639E-31    0.31822E-32   -0.90402E-31   -0.55830E-27    0.69309E-13
    0.37750E+07    0.48406E-30    0.10740E-30    0.37692E-32   -0.10712E-30   -0.66091E-27    0.69493E-13
    0.37800E+07    0.57341E-30    0.12723E-30    0.44637E-32   -0.12690E-30   -0.78221E-27    0.69678E-13
    0.37850E+07    0.67907E-30    0.15068E-30    0.52852E-32   -0.15029E-30   -0.92558E-27    0.69862E-13
    0.37900E+07    0.80401E-30    0.17841E-30    0.62566E-32   -0.17795E-30   -0.10950E-26    0.70047E-13
    0.37950E+07    0.95169E-30    0.21119E-30    0.74051E-32   -0.21065E-30   -0.12951E-26    0.70232E-13
    0.38000E+07    0.11262E-29    0.24992E-30    0.87626E-32   -0.24929E-30   -0.15313E-26    0.70417E-13
    0.38050E+07    0.13324E-29    0.29569E-30    0.10367E-31   -0.29494E-30   -0.18102E-26    0.70602E-13
    0.38100E+07    0.15760E-29    0.34974E-30    0.12262E-31   -0.34885E-30   -0.21395E-26    0.70788E-13
    0.38150E+07    0.18636E-29    0.41356E-30    0.14500E-31   -0.41251E-30   -0.25279E-26    0.70974E-13
    0.38200E+07    0.22031E-29    0.48891E-30    0.17143E-31   -0.48767E-30   -0.29861E-26    0.71160E-13
    0.38250E+07    0.26039E-29    0.57783E-30    0.20263E-31   -0.57637E-30   -0.35265E-26    0.71346E-13
    0.38300E+07    0.30768E-29    0.68274E-30    0.23945E-31   -0.68102E-30   -0.41637E-26    0.71533E-13
    0.38350E+07    0.36347E-29    0.80650E-30    0.28289E-31   -0.80446E-30   -0.49147E-26    0.71720E-13
    0.38400E+07    0.42928E-29    0.95245E-30    0.33414E-31   -0.95004E-30   -0.57997E-26    0.71907E-13
    0.38450E+07    0.50687E-29    0.11245E-29    0.39458E-31   -0.11217E-29   -0.68424E-26    0.72095E-13
    0.38500E+07    0.59834E-29    0.13273E-29    0.46585E-31   -0.13240E-29   -0.80705E-26    0.72282E-13
    0.38550E+07    0.70615E-29    0.15664E-29    0.54987E-31   -0.15624E-29   -0.95169E-26    0.72470E-13
    0.38600E+07    0.83318E-29    0.18479E-29    0.64882E-31   -0.18432E-29   -0.11218E-25    0.72658E-13
    0.38650E+07    0.98282E-29    0.21800E-29    0.76569E-31   -0.21744E-29   -0.13227E-25    0.72846E-13
    0.38700E+07    0.11591E-28    0.25686E-29    0.90210E-31   -0.25621E-29   -0.15566E-25    0.73035E-13
    0.38710E+07    0.12106E-28    0.26765E-29    0.92639E-31   -0.26717E-29   -0.15993E-25    0.73073E-13
    0.41210E+07    0.20008E-25    0.39105E-26    0.22126E-27   -0.38436E-26   -0.24491E-22    0.82816E-13
    0.43710E+07    0.17372E-22    0.41664E-23    0.14215E-24   -0.41567E-23   -0.21218E-19    0.93169E-13
    0.46210E+07    0.87443E-20    0.20144E-20    0.78965E-22   -0.20138E-20   -0.10182E-16    0.10413E-12
    0.48710E+07    0.27898E-17    0.64945E-18    0.25048E-19   -0.64852E-18   -0.30701E-14    0.11571E-12
    0.51210E+07    0.56191E-15    0.13021E-15    0.52169E-17   -0.12993E-15   -0.57755E-12    0.12825E-12
    0.53710E+07    0.70588E-13    0.16408E-13    0.67735E-15   -0.16337E-13   -0.66743E-10    0.18557E-12
    0.55710E+07    0.23091E-11    0.54097E-12    0.23106E-13   -0.53635E-12   -0.20142E-08    0.16012E-11
    0.56710E+07    0.11808E-10    0.28432E-11    0.11576E-12   -0.27941E-11   -0.10160E-07    0.74642E-11
    0.57710E+07    0.62591E-10    0.16590E-10    0.57288E-12   -0.16070E-10   -0.57677E-07    0.37568E-10
    0.58710E+07    0.24489E-09    0.64580E-10    0.26152E-11   -0.63037E-10   -0.22092E-06    0.13453E-09
    0.59710E+07    0.86011E-09    0.22483E-09    0.91919E-11   -0.21262E-09   -0.66295E-06    0.44009E-09
    0.60210E+07    0.14111E-08    0.36476E-09    0.16618E-10   -0.35277E-09   -0.10965E-05    0.65374E-09
    0.60710E+07    0.21604E-08    0.54731E-09    0.26642E-10   -0.52608E-09   -0.16138E-05    0.88914E-09
    0.61210E+07    0.30192E-08    0.76349E-09    0.39051E-10   -0.72465E-09   -0.22036E-05    0.10290E-08
    0.61710E+07    0.36288E-08    0.93505E-09    0.49814E-10   -0.85765E-09   -0.26017E-05    0.81480E-09
    0.62210E+07    0.32438E-08    0.79331E-09    0.45865E-10   -0.62058E-09   -0.17800E-05   -0.60595E-10
    0.62460E+07    0.25899E-08    0.55896E-09    0.31153E-10   -0.32536E-09   -0.83096E-06   -0.73890E-09
    0.62710E+07    0.18010E-08    0.30061E-09    0.42790E-11    0.68420E-11    0.13420E-07   -0.14671E-08
    0.62960E+07    0.10499E-08    0.98326E-10   -0.35851E-10    0.35949E-09    0.40314E-06   -0.20901E-08
    0.63210E+07    0.51809E-09    0.79883E-11   -0.90211E-10    0.85143E-09    0.19973E-06   -0.23842E-08
    0.63460E+07    0.78293E-09    0.43538E-10   -0.15696E-09    0.15492E-08   -0.70527E-06   -0.18907E-08
    0.63593E+07    0.17324E-08    0.18821E-09   -0.19754E-09    0.18800E-08   -0.18550E-05   -0.10848E-08
    0.63593E+07    0.18101E-08    0.28090E-09   -0.15455E-09    0.11303E-08   -0.24823E-05   -0.18596E-08
    0.63618E+07    0.24007E-08    0.39670E-09   -0.16032E-09    0.81902E-09   -0.30721E-05   -0.17828E-08
    0.63641E+07    0.23059E-08    0.38065E-09   -0.14736E-09    0.76940E-09   -0.26712E-05   -0.20301E-08
    0.63658E+07    0.19485E-08    0.46445E-09   -0.92572E-10    0.95101E-10   -0.24356E-05   -0.33162E-08
    0.63658E+07    0.28257E-09    0.52494E-10   -0.19369E-10    0.16321E-09   -0.17303E-06   -0.45729E-08
    0.63659E+07    0.28870E-09    0.54708E-10   -0.19387E-10    0.15727E-09   -0.17683E-06   -0.45757E-08
    0.63659E+07    0.00000E+00    0.85910E-10   -0.00000E+00    0.13855E-10    0.10003E-07   -0.31564E-08
    0.63710E+07    0.00000E+00    0.26679E-12    0.00000E+00   -0.26679E-12   -0.40019E-09   -0.32977E-08
