    0.10000E+01    0.00000E+00    0.00000E+00    0.00000E+00    0.00000E+00   -0.00000E+00   -0.53554E-26
    0.20000E+05    0.00000E+00    0.00000E+00    0.00000E+00    0.00000E+00   -0.00000E+00   -0.21422E-17
    0.40000E+05    0.00000E+00    0.00000E+00    0.00000E+00    0.00000E+00   -0.00000E+00   -0.85687E-17
    0.60000E+05    0.00000E+00    0.00000E+00    0.00000E+00    0.00000E+00   -0.00000E+00   -0.19280E-16
    0.80000E+05    0.00000E+00    0.00000E+00    0.00000E+00    0.00000E+00   -0.00000E+00   -0.34275E-16
    0.10000E+06    0.00000E+00    0.00000E+00    0.00000E+00    0.00000E+00   -0.00000E+00   -0.53554E-16
    0.12000E+06    0.00000E+00    0.00000E+00    0.00000E+00    0.00000E+00   -0.00000E+00   -0.77118E-16
    0.14000E+06    0.00000E+00    0.00000E+00    0.00000E+00    0.00000E+00   -0.00000E+00   -0.10497E-15
    0.16000E+06    0.00000E+00    0.00000E+00    0.00000E+00    0.00000E+00   -0.00000E+00   -0.13710E-15
    0.18000E+06    0.00000E+00    0.00000E+00    0.00000E+00    0.00000E+00   -0.00000E+00   -0.17352E-15
    0.20000E+06    0.00000E+00    0.00000E+00    0.00000E+00    0.00000E+00   -0.00000E+00   -0.21422E-15
    0.22000E+06    0.00000E+00    0.00000E+00    0.00000E+00    0.00000E+00   -0.00000E+00   -0.25920E-15
    0.24000E+06    0.00000E+00    0.00000E+00    0.00000E+00    0.00000E+00   -0.00000E+00   -0.30847E-15
    0.26000E+06    0.00000E+00    0.00000E+00    0.00000E+00    0.00000E+00   -0.00000E+00   -0.36203E-15
    0.28000E+06    0.00000E+00    0.00000E+00    0.00000E+00    0.00000E+00   -0.00000E+00   -0.41987E-15
    0.30000E+06    0.00000E+00    0.00000E+00    0.00000E+00    0.00000E+00   -0.00000E+00   -0.48199E-15
    0.32000E+06    0.00000E+00    0.00000E+00    0.00000E+00    0.00000E+00   -0.00000E+00   -0.54840E-15
    0.34000E+06    0.00000E+00    0.00000E+00    0.00000E+00    0.00000E+00   -0.00000E+00   -0.61909E-15
    0.36000E+06    0.00000E+00    0.00000E+00    0.00000E+00    0.00000E+00   -0.00000E+00   -0.69407E-15
    0.38000E+06    0.00000E+00    0.00000E+00    0.00000E+00    0.00000E+00   -0.00000E+00   -0.77333E-15
    0.40000E+06    0.00000E+00    0.00000E+00    0.00000E+00    0.00000E+00   -0.00000E+00   -0.85687E-15
    0.42000E+06    0.00000E+00    0.00000E+00    0.00000E+00    0.00000E+00   -0.00000E+00   -0.94470E-15
    0.44000E+06    0.00000E+00    0.00000E+00    0.00000E+00    0.00000E+00   -0.00000E+00   -0.10368E-14
    0.46000E+06    0.00000E+00    0.00000E+00    0.00000E+00    0.00000E+00   -0.00000E+00   -0.11332E-14
    0.48000E+06    0.00000E+00    0.00000E+00    0.00000E+00    0.00000E+00   -0.00000E+00   -0.12339E-14
    0.50000E+06    0.00000E+00    0.00000E+00    0.00000E+00    0.00000E+00   -0.00000E+00   -0.13389E-14
    0.52000E+06    0.00000E+00    0.00000E+00    0.00000E+00    0.00000E+00   -0.00000E+00   -0.14481E-14
    0.54000E+06    0.00000E+00    0.00000E+00    0.00000E+00    0.00000E+00   -0.00000E+00   -0.15616E-14
    0.56000E+06    0.00000E+00    0.00000E+00    0.00000E+00    0.00000E+00   -0.00000E+00   -0.16795E-14
    0.58000E+06    0.00000E+00    0.00000E+00    0.00000E+00    0.00000E+00   -0.00000E+00   -0.18016E-14
    0.60000E+06    0.00000E+00    0.00000E+00    0.00000E+00    0.00000E+00   -0.00000E+00   -0.19280E-14
    0.62000E+06    0.00000E+00    0.00000E+00    0.00000E+00    0.00000E+00   -0.00000E+00   -0.20586E-14
    0.64000E+06    0.00000E+00    0.00000E+00    0.00000E+00    0.00000E+00   -0.00000E+00   -0.21936E-14
    0.66000E+06    0.00000E+00    0.00000E+00    0.00000E+00    0.00000E+00   -0.00000E+00   -0.23328E-14
    0.68000E+06    0.00000E+00    0.00000E+00    0.00000E+00    0.00000E+00   -0.00000E+00   -0.24764E-14
    0.70000E+06    0.00000E+00    0.00000E+00    0.00000E+00    0.00000E+00   -0.00000E+00   -0.26242E-14
    0.72000E+06    0.00000E+00    0.00000E+00    0.00000E+00    0.00000E+00   -0.00000E+00   -0.27763E-14
    0.74000E+06    0.00000E+00    0.00000E+00    0.00000E+00    0.00000E+00   -0.00000E+00   -0.29326E-14
    0.76000E+06    0.00000E+00    0.00000E+00    0.00000E+00    0.00000E+00   -0.00000E+00   -0.30933E-14
    0.78000E+06    0.00000E+00    0.00000E+00    0.00000E+00    0.00000E+00   -0.00000E+00   -0.32583E-14
    0.80000E+06    0.00000E+00    0.00000E+00    0.00000E+00    0.00000E+00   -0.00000E+00   -0.34275E-14
    0.82000E+06    0.00000E+00    0.00000E+00    0.00000E+00    0.00000E+00   -0.00000E+00   -0.36010E-14
    0.84000E+06    0.00000E+00    0.00000E+00    0.00000E+00    0.00000E+00   -0.00000E+00   -0.37788E-14
    0.86000E+06    0.00000E+00    0.00000E+00    0.00000E+00    0.00000E+00   -0.00000E+00   -0.39609E-14
    0.88000E+06    0.00000E+00    0.00000E+00    0.00000E+00    0.00000E+00   -0.00000E+00   -0.41473E-14
    0.90000E+06    0.00000E+00    0.00000E+00    0.00000E+00    0.00000E+00   -0.00000E+00   -0.43379E-14
    0.92000E+06    0.00000E+00    0.00000E+00    0.00000E+00    0.00000E+00   -0.00000E+00   -0.45329E-14
    0.94000E+06    0.00000E+00    0.00000E+00    0.00000E+00    0.00000E+00   -0.00000E+00   -0.47321E-14
    0.96000E+06    0.00000E+00    0.00000E+00    0.00000E+00    0.00000E+00   -0.00000E+00   -0.49356E-14
    0.98000E+06    0.00000E+00    0.00000E+00    0.00000E+00    0.00000E+00   -0.00000E+00   -0.51434E-14
    0.10000E+07    0.00000E+00    0.00000E+00    0.00000E+00    0.00000E+00   -0.00000E+00   -0.53554E-14
    0.10200E+07    0.00000E+00    0.00000E+00    0.00000E+00    0.00000E+00   -0.00000E+00   -0.55718E-14
    0.10400E+07    0.00000E+00    0.00000E+00    0.00000E+00    0.00000E+00   -0.00000E+00   -0.57925E-14
    0.10600E+07    0.00000E+00    0.00000E+00    0.00000E+00    0.00000E+00   -0.00000E+00   -0.60174E-14
    0.10800E+07    0.00000E+00    0.00000E+00    0.00000E+00    0.00000E+00   -0.00000E+00   -0.62466E-14
    0.11000E+07    0.00000E+00    0.00000E+00    0.00000E+00    0.00000E+00   -0.00000E+00   -0.64801E-14
    0.11200E+07    0.00000E+00    0.00000E+00    0.00000E+00    0.00000E+00   -0.00000E+00   -0.67179E-14
    0.11400E+07    0.00000E+00    0.00000E+00    0.00000E+00    0.00000E+00   -0.00000E+00   -0.69599E-14
    0.11600E+07    0.00000E+00    0.00000E+00    0.00000E+00    0.00000E+00   -0.00000E+00   -0.72063E-14
    0.11800E+07    0.00000E+00    0.00000E+00    0.00000E+00    0.00000E+00   -0.00000E+00   -0.74569E-14
    0.12000E+07    0.00000E+00    0.00000E+00    0.00000E+00    0.00000E+00   -0.00000E+00   -0.77118E-14
    0.12200E+07    0.00000E+00    0.00000E+00    0.00000E+00    0.00000E+00   -0.00000E+00   -0.79710E-14
    0.12215E+07    0.00000E+00    0.00000E+00    0.00000E+00    0.00000E+00   -0.00000E+00   -0.79907E-14
    0.12215E+07    0.00000E+00    0.00000E+00    0.00000E+00    0.00000E+00   -0.00000E+00   -0.79907E-14
    0.12400E+07    0.00000E+00    0.00000E+00    0.00000E+00    0.00000E+00   -0.00000E+00   -0.82345E-14
    0.12600E+07    0.00000E+00    0.00000E+00    0.00000E+00    0.00000E+00   -0.00000E+00   -0.85023E-14
    0.12800E+07    0.00000E+00    0.00000E+00    0.00000E+00    0.00000E+00   -0.00000E+00   -0.87744E-14
    0.13000E+07    0.00000E+00    0.00000E+00    0.00000E+00    0.00000E+00   -0.00000E+00   -0.90507E-14
    0.13200E+07    0.00000E+00    0.00000E+00    0.00000E+00    0.00000E+00   -0.00000E+00   -0.93313E-14
    0.13400E+07    0.00000E+00    0.00000E+00    0.00000E+00    0.00000E+00   -0.00000E+00   -0.96162E-14
    0.13600E+07    0.00000E+00    0.00000E+00    0.00000E+00    0.00000E+00   -0.00000E+00   -0.99054E-14
    0.13800E+07    0.00000E+00    0.00000E+00    0.00000E+00    0.00000E+00   -0.00000E+00   -0.10199E-13
    0.14000E+07    0.00000E+00    0.00000E+00    0.00000E+00    0.00000E+00   -0.00000E+00   -0.10497E-13
    0.14200E+07    0.00000E+00    0.00000E+00    0.00000E+00    0.00000E+00   -0.00000E+00   -0.10799E-13
    0.14400E+07    0.00000E+00    0.00000E+00    0.00000E+00    0.00000E+00   -0.00000E+00   -0.11105E-13
    0.14600E+07    0.00000E+00    0.00000E+00    0.00000E+00    0.00000E+00   -0.00000E+00   -0.11416E-13
    0.14800E+07    0.00000E+00    0.00000E+00    0.00000E+00    0.00000E+00   -0.00000E+00   -0.11731E-13
    0.15000E+07    0.00000E+00    0.00000E+00    0.00000E+00    0.00000E+00   -0.00000E+00   -0.12050E-13
    0.15200E+07    0.00000E+00    0.00000E+00    0.00000E+00    0.00000E+00   -0.00000E+00   -0.12373E-13
    0.15400E+07    0.00000E+00    0.00000E+00    0.00000E+00    0.00000E+00   -0.00000E+00   -0.12701E-13
    0.15600E+07    0.00000E+00    0.00000E+00    0.00000E+00    0.00000E+00   -0.00000E+00   -0.13033E-13
    0.15800E+07    0.00000E+00    0.00000E+00    0.00000E+00    0.00000E+00   -0.00000E+00   -0.13369E-13
    0.16000E+07    0.00000E+00    0.00000E+00    0.00000E+00    0.00000E+00   -0.00000E+00   -0.13710E-13
    0.16200E+07    0.00000E+00    0.00000E+00    0.00000E+00    0.00000E+00   -0.00000E+00   -0.14055E-13
    0.16400E+07    0.00000E+00    0.00000E+00    0.00000E+00    0.00000E+00   -0.00000E+00   -0.14404E-13
    0.16600E+07    0.00000E+00    0.00000E+00    0.00000E+00    0.00000E+00   -0.00000E+00   -0.14757E-13
    0.16800E+07    0.00000E+00    0.00000E+00    0.00000E+00    0.00000E+00   -0.00000E+00   -0.15115E-13
    0.17000E+07    0.00000E+00    0.00000E+00    0.00000E+00    0.00000E+00   -0.00000E+00   -0.15477E-13
    0.17200E+07    0.00000E+00    0.00000E+00    0.00000E+00    0.00000E+00   -0.00000E+00   -0.15844E-13
    0.17400E+07    0.00000E+00    0.00000E+00    0.00000E+00    0.00000E+00   -0.00000E+00   -0.16214E-13
    0.17600E+07    0.00000E+00    0.00000E+00    0.00000E+00    0.00000E+00   -0.00000E+00   -0.16589E-13
    0.17800E+07    0.00000E+00    0.00000E+00    0.00000E+00    0.00000E+00   -0.00000E+00   -0.16968E-13
    0.18000E+07    0.00000E+00    0.00000E+00    0.00000E+00    0.00000E+00   -0.00000E+00   -0.17352E-13
    0.18200E+07    0.00000E+00    0.00000E+00    0.00000E+00    0.00000E+00   -0.00000E+00   -0.17739E-13
    0.18400E+07    0.00000E+00    0.00000E+00    0.00000E+00    0.00000E+00   -0.00000E+00   -0.18131E-13
    0.18600E+07    0.00000E+00    0.00000E+00    0.00000E+00    0.00000E+00   -0.00000E+00   -0.18528E-13
    0.18800E+07    0.00000E+00    0.00000E+00    0.00000E+00    0.00000E+00   -0.00000E+00   -0.18928E-13
    0.19000E+07    0.00000E+00    0.00000E+00    0.00000E+00    0.00000E+00   -0.00000E+00   -0.19333E-13
    0.19200E+07    0.00000E+00    0.00000E+00    0.00000E+00    0.00000E+00   -0.00000E+00   -0.19742E-13
    0.19400E+07    0.00000E+00    0.00000E+00    0.00000E+00    0.00000E+00   -0.00000E+00   -0.20156E-13
    0.19600E+07    0.00000E+00    0.00000E+00    0.00000E+00    0.00000E+00   -0.00000E+00   -0.20573E-13
    0.19800E+07    0.00000E+00    0.00000E+00    0.00000E+00    0.00000E+00   -0.00000E+00   -0.20996E-13
    0.20000E+07    0.00000E+00    0.00000E+00    0.00000E+00    0.00000E+00   -0.00000E+00   -0.21422E-13
    0.20200E+07    0.00000E+00    0.00000E+00    0.00000E+00    0.00000E+00   -0.00000E+00   -0.21852E-13
    0.20400E+07    0.00000E+00    0.00000E+00    0.00000E+00    0.00000E+00   -0.00000E+00   -0.22287E-13
    0.20600E+07    0.00000E+00    0.00000E+00    0.00000E+00    0.00000E+00   -0.00000E+00   -0.22726E-13
    0.20800E+07    0.00000E+00    0.00000E+00    0.00000E+00    0.00000E+00   -0.00000E+00   -0.23170E-13
    0.21000E+07    0.00000E+00    0.00000E+00    0.00000E+00    0.00000E+00   -0.00000E+00   -0.23618E-13
    0.21200E+07    0.00000E+00    0.00000E+00    0.00000E+00    0.00000E+00   -0.00000E+00   -0.24070E-13
    0.21400E+07    0.00000E+00    0.00000E+00    0.00000E+00    0.00000E+00   -0.00000E+00   -0.24526E-13
    0.21600E+07    0.00000E+00    0.00000E+00    0.00000E+00    0.00000E+00   -0.00000E+00   -0.24986E-13
    0.21800E+07    0.00000E+00    0.00000E+00    0.00000E+00    0.00000E+00   -0.00000E+00   -0.25451E-13
    0.22000E+07    0.00000E+00    0.00000E+00    0.00000E+00    0.00000E+00   -0.00000E+00   -0.25920E-13
    0.22200E+07    0.00000E+00    0.00000E+00    0.00000E+00    0.00000E+00   -0.00000E+00   -0.26394E-13
    0.22400E+07    0.00000E+00    0.00000E+00    0.00000E+00    0.00000E+00   -0.00000E+00   -0.26871E-13
    0.22600E+07    0.00000E+00    0.00000E+00    0.00000E+00    0.00000E+00   -0.00000E+00   -0.27353E-13
    0.22800E+07    0.00000E+00    0.00000E+00    0.00000E+00    0.00000E+00   -0.00000E+00   -0.27840E-13
    0.23000E+07    0.00000E+00    0.00000E+00    0.00000E+00    0.00000E+00   -0.00000E+00   -0.28330E-13
    0.23200E+07    0.00000E+00    0.00000E+00    0.00000E+00    0.00000E+00   -0.00000E+00   -0.28825E-13
    0.23400E+07    0.00000E+00    0.00000E+00    0.00000E+00    0.00000E+00   -0.00000E+00   -0.29324E-13
    0.23600E+07    0.00000E+00    0.00000E+00    0.00000E+00    0.00000E+00   -0.00000E+00   -0.29828E-13
    0.23800E+07    0.00000E+00    0.00000E+00    0.00000E+00    0.00000E+00   -0.00000E+00   -0.30335E-13
    0.24000E+07    0.00000E+00    0.00000E+00    0.00000E+00    0.00000E+00   -0.00000E+00   -0.30847E-13
    0.24200E+07    0.00000E+00    0.00000E+00    0.00000E+00    0.00000E+00   -0.00000E+00   -0.31364E-13
    0.24400E+07    0.00000E+00    0.00000E+00    0.00000E+00    0.00000E+00   -0.00000E+00   -0.31884E-13
    0.24600E+07    0.00000E+00    0.00000E+00    0.00000E+00    0.00000E+00   -0.00000E+00   -0.32409E-13
    0.24800E+07    0.00000E+00    0.00000E+00    0.00000E+00    0.00000E+00   -0.00000E+00   -0.32938E-13
    0.25000E+07    0.00000E+00    0.00000E+00    0.00000E+00    0.00000E+00   -0.00000E+00   -0.33472E-13
    0.25200E+07    0.00000E+00    0.00000E+00    0.00000E+00    0.00000E+00   -0.00000E+00   -0.34009E-13
    0.25400E+07    0.00000E+00    0.00000E+00    0.00000E+00    0.00000E+00   -0.00000E+00   -0.34551E-13
    0.25600E+07    0.00000E+00    0.00000E+00    0.00000E+00    0.00000E+00   -0.00000E+00   -0.35097E-13
    0.25800E+07    0.00000E+00    0.00000E+00    0.00000E+00    0.00000E+00   -0.00000E+00   -0.35648E-13
    0.26000E+07    0.00000E+00    0.00000E+00    0.00000E+00    0.00000E+00   -0.00000E+00   -0.36203E-13
    0.26200E+07    0.00000E+00    0.00000E+00    0.00000E+00    0.00000E+00   -0.00000E+00   -0.36762E-13
    0.26400E+07    0.00000E+00    0.00000E+00    0.00000E+00    0.00000E+00   -0.00000E+00   -0.37325E-13
    0.26600E+07    0.00000E+00    0.00000E+00    0.00000E+00    0.00000E+00   -0.00000E+00   -0.37893E-13
    0.26800E+07    0.00000E+00    0.00000E+00    0.00000E+00    0.00000E+00   -0.00000E+00   -0.38465E-13
    0.27000E+07    0.00000E+00    0.00000E+00    0.00000E+00    0.00000E+00   -0.00000E+00   -0.39041E-13
    0.27200E+07    0.00000E+00    0.00000E+00    0.00000E+00    0.00000E+00   -0.00000E+00   -0.39622E-13
    0.27400E+07    0.00000E+00    0.00000E+00    0.00000E+00    0.00000E+00   -0.00000E+00   -0.40207E-13
    0.27600E+07    0.00000E+00    0.00000E+00    0.00000E+00    0.00000E+00   -0.00000E+00   -0.40796E-13
    0.27800E+07    0.00000E+00    0.00000E+00    0.00000E+00    0.00000E+00   -0.00000E+00   -0.41389E-13
    0.28000E+07    0.00000E+00    0.00000E+00    0.00000E+00    0.00000E+00   -0.00000E+00   -0.41987E-13
    0.28200E+07    0.00000E+00    0.00000E+00    0.00000E+00    0.00000E+00   -0.00000E+00   -0.42589E-13
    0.28400E+07    0.00000E+00    0.00000E+00    0.00000E+00    0.00000E+00   -0.00000E+00   -0.43195E-13
    0.28600E+07    0.00000E+00    0.00000E+00    0.00000E+00    0.00000E+00   -0.00000E+00   -0.43805E-13
    0.28800E+07    0.00000E+00    0.00000E+00    0.00000E+00    0.00000E+00   -0.00000E+00   -0.44420E-13
    0.29000E+07    0.00000E+00    0.00000E+00    0.00000E+00    0.00000E+00   -0.00000E+00   -0.45039E-13
    0.29200E+07    0.00000E+00    0.00000E+00    0.00000E+00    0.00000E+00   -0.00000E+00   -0.45663E-13
    0.29400E+07    0.00000E+00    0.00000E+00    0.00000E+00    0.00000E+00   -0.00000E+00   -0.46290E-13
    0.29600E+07    0.00000E+00    0.00000E+00    0.00000E+00    0.00000E+00   -0.00000E+00   -0.46922E-13
    0.29800E+07    0.00000E+00    0.00000E+00    0.00000E+00    0.00000E+00   -0.00000E+00   -0.47559E-13
    0.30000E+07    0.00000E+00    0.00000E+00    0.00000E+00    0.00000E+00   -0.00000E+00   -0.48199E-13
    0.30200E+07    0.00000E+00    0.00000E+00    0.00000E+00    0.00000E+00   -0.00000E+00   -0.48844E-13
    0.30400E+07    0.00000E+00    0.00000E+00    0.00000E+00    0.00000E+00   -0.00000E+00   -0.49493E-13
    0.30600E+07    0.00000E+00    0.00000E+00    0.00000E+00    0.00000E+00   -0.00000E+00   -0.50146E-13
    0.30800E+07    0.00000E+00    0.00000E+00    0.00000E+00    0.00000E+00   -0.00000E+00   -0.50804E-13
    0.31000E+07    0.00000E+00    0.00000E+00    0.00000E+00    0.00000E+00   -0.00000E+00   -0.51466E-13
    0.31200E+07    0.00000E+00    0.00000E+00    0.00000E+00    0.00000E+00   -0.00000E+00   -0.52132E-13
    0.31400E+07    0.00000E+00    0.00000E+00    0.00000E+00    0.00000E+00   -0.00000E+00   -0.52803E-13
    0.31600E+07    0.00000E+00    0.00000E+00    0.00000E+00    0.00000E+00   -0.00000E+00   -0.53477E-13
    0.31800E+07    0.00000E+00    0.00000E+00    0.00000E+00    0.00000E+00   -0.00000E+00   -0.54156E-13
    0.32000E+07    0.00000E+00    0.00000E+00    0.00000E+00    0.00000E+00   -0.00000E+00   -0.54840E-13
    0.32200E+07    0.00000E+00    0.00000E+00    0.00000E+00    0.00000E+00   -0.00000E+00   -0.55527E-13
    0.32400E+07    0.00000E+00    0.00000E+00    0.00000E+00    0.00000E+00   -0.00000E+00   -0.56219E-13
    0.32600E+07    0.00000E+00    0.00000E+00    0.00000E+00    0.00000E+00   -0.00000E+00   -0.56916E-13
    0.32800E+07    0.00000E+00    0.00000E+00    0.00000E+00    0.00000E+00   -0.00000E+00   -0.57616E-13
    0.33000E+07    0.00000E+00    0.00000E+00    0.00000E+00    0.00000E+00   -0.00000E+00   -0.58321E-13
    0.33200E+07    0.00000E+00    0.00000E+00    0.00000E+00    0.00000E+00   -0.00000E+00   -0.59030E-13
    0.33400E+07    0.00000E+00    0.00000E+00    0.00000E+00    0.00000E+00   -0.00000E+00   -0.59743E-13
    0.33600E+07    0.00000E+00    0.00000E+00    0.00000E+00    0.00000E+00   -0.00000E+00   -0.60461E-13
    0.33800E+07    0.00000E+00    0.00000E+00    0.00000E+00    0.00000E+00   -0.00000E+00   -0.61183E-13
    0.34000E+07    0.00000E+00    0.00000E+00    0.00000E+00    0.00000E+00   -0.00000E+00   -0.61909E-13
    0.34200E+07    0.00000E+00    0.00000E+00    0.00000E+00    0.00000E+00   -0.00000E+00   -0.62639E-13
    0.34400E+07    0.00000E+00    0.00000E+00    0.00000E+00    0.00000E+00   -0.00000E+00   -0.63374E-13
    0.34600E+07    0.00000E+00    0.00000E+00    0.00000E+00    0.00000E+00   -0.00000E+00   -0.64113E-13
    0.34800E+07    0.00000E+00    0.00000E+00    0.00000E+00    0.00000E+00   -0.00000E+00   -0.64857E-13
    0.34800E+07    0.00000E+00    0.00000E+00    0.00000E+00    0.00000E+00   -0.00000E+00   -0.64857E-13
    0.34850E+07    0.00000E+00    0.00000E+00    0.00000E+00    0.00000E+00   -0.00000E+00   -0.65043E-13
    0.34900E+07    0.00000E+00    0.00000E+00    0.00000E+00    0.00000E+00   -0.00000E+00   -0.65230E-13
    0.34950E+07    0.00000E+00    0.00000E+00    0.00000E+00    0.00000E+00   -0.00000E+00   -0.65417E-13
    0.35000E+07    0.00000E+00    0.00000E+00    0.00000E+00    0.00000E+00   -0.00000E+00   -0.65604E-13
    0.35050E+07    0.00000E+00    0.00000E+00    0.00000E+00    0.00000E+00   -0.00000E+00   -0.65792E-13
    0.35100E+07    0.00000E+00    0.00000E+00    0.00000E+00    0.00000E+00   -0.00000E+00   -0.65980E-13
    0.35150E+07    0.00000E+00    0.00000E+00    0.00000E+00    0.00000E+00   -0.00000E+00   -0.66168E-13
    0.35200E+07    0.00000E+00    0.00000E+00    0.00000E+00    0.00000E+00   -0.00000E+00   -0.66356E-13
    0.35250E+07    0.00000E+00    0.00000E+00    0.00000E+00    0.00000E+00   -0.00000E+00   -0.66545E-13
    0.35300E+07    0.00000E+00    0.00000E+00    0.00000E+00    0.00000E+00   -0.00000E+00   -0.66734E-13
    0.35350E+07    0.00000E+00    0.00000E+00    0.00000E+00    0.00000E+00   -0.00000E+00   -0.66923E-13
    0.35400E+07    0.00000E+00    0.00000E+00    0.00000E+00    0.00000E+00   -0.00000E+00   -0.67112E-13
    0.35450E+07    0.00000E+00    0.00000E+00    0.00000E+00    0.00000E+00   -0.00000E+00   -0.67302E-13
    0.35500E+07    0.00000E+00    0.00000E+00    0.00000E+00    0.00000E+00   -0.00000E+00   -0.67492E-13
    0.35550E+07    0.00000E+00    0.00000E+00    0.00000E+00    0.00000E+00   -0.00000E+00   -0.67682E-13
    0.35600E+07    0.00000E+00    0.00000E+00    0.00000E+00    0.00000E+00   -0.00000E+00   -0.67873E-13
    0.35650E+07    0.00000E+00    0.00000E+00    0.00000E+00    0.00000E+00   -0.00000E+00   -0.68064E-13
    0.35700E+07    0.00000E+00    0.00000E+00    0.00000E+00    0.00000E+00   -0.00000E+00   -0.68255E-13
    0.35750E+07    0.00000E+00    0.00000E+00    0.00000E+00    0.00000E+00   -0.00000E+00   -0.68446E-13
    0.35800E+07    0.00000E+00    0.00000E+00    0.00000E+00    0.00000E+00   -0.00000E+00   -0.68638E-13
    0.35850E+07    0.00000E+00    0.00000E+00    0.00000E+00    0.00000E+00   -0.00000E+00   -0.68829E-13
    0.35900E+07    0.00000E+00    0.00000E+00    0.00000E+00    0.00000E+00   -0.00000E+00   -0.69022E-13
    0.35950E+07    0.00000E+00    0.00000E+00    0.00000E+00    0.00000E+00   -0.00000E+00   -0.69214E-13
    0.36000E+07    0.00000E+00    0.00000E+00    0.00000E+00    0.00000E+00   -0.00000E+00   -0.69407E-13
    0.36050E+07    0.00000E+00    0.00000E+00    0.00000E+00    0.00000E+00   -0.00000E+00   -0.69600E-13
    0.36100E+07    0.00000E+00    0.00000E+00    0.00000E+00    0.00000E+00   -0.00000E+00   -0.69793E-13
    0.36150E+07    0.00000E+00    0.00000E+00    0.00000E+00    0.00000E+00   -0.00000E+00   -0.69986E-13
    0.36200E+07    0.00000E+00    0.00000E+00    0.00000E+00    0.00000E+00   -0.00000E+00   -0.70180E-13
    0.36250E+07    0.00000E+00    0.00000E+00    0.00000E+00    0.00000E+00   -0.00000E+00   -0.70374E-13
    0.36300E+07    0.00000E+00    0.00000E+00    0.00000E+00    0.00000E+00   -0.00000E+00   -0.70568E-13
    0.36300E+07    0.00000E+00    0.00000E+00    0.00000E+00    0.00000E+00   -0.00000E+00   -0.70568E-13
    0.36350E+07    0.00000E+00    0.00000E+00    0.00000E+00    0.00000E+00   -0.00000E+00   -0.70763E-13
    0.36400E+07    0.00000E+00    0.00000E+00    0.00000E+00    0.00000E+00   -0.00000E+00   -0.70958E-13
    0.36450E+07    0.00000E+00    0.00000E+00    0.00000E+00    0.00000E+00   -0.00000E+00   -0.71153E-13
    0.36500E+07    0.00000E+00    0.00000E+00    0.00000E+00    0.00000E+00   -0.00000E+00   -0.71348E-13
    0.36550E+07    0.00000E+00    0.00000E+00    0.00000E+00    0.00000E+00   -0.00000E+00   -0.71544E-13
    0.36600E+07    0.00000E+00    0.00000E+00    0.00000E+00    0.00000E+00   -0.00000E+00   -0.71739E-13
    0.36650E+07    0.00000E+00    0.00000E+00    0.00000E+00    0.00000E+00   -0.00000E+00   -0.71936E-13
    0.36700E+07    0.00000E+00    0.00000E+00    0.00000E+00    0.00000E+00   -0.00000E+00   -0.72132E-13
    0.36750E+07    0.00000E+00    0.00000E+00    0.00000E+00    0.00000E+00   -0.00000E+00   -0.72329E-13
    0.36800E+07    0.00000E+00    0.00000E+00    0.00000E+00    0.00000E+00   -0.00000E+00   -0.72526E-13
    0.36850E+07    0.00000E+00    0.00000E+00    0.00000E+00    0.00000E+00   -0.00000E+00   -0.72723E-13
    0.36900E+07    0.00000E+00    0.00000E+00    0.00000E+00    0.00000E+00   -0.00000E+00   -0.72920E-13
    0.36950E+07    0.00000E+00    0.00000E+00    0.00000E+00    0.00000E+00   -0.00000E+00   -0.73118E-13
    0.37000E+07    0.00000E+00    0.00000E+00    0.00000E+00    0.00000E+00   -0.00000E+00   -0.73316E-13
    0.37050E+07    0.00000E+00    0.00000E+00    0.00000E+00    0.00000E+00   -0.00000E+00   -0.73514E-13
    0.37100E+07    0.00000E+00    0.00000E+00    0.00000E+00    0.00000E+00   -0.00000E+00   -0.73713E-13
    0.37150E+07    0.00000E+00    0.00000E+00    0.00000E+00    0.00000E+00   -0.00000E+00   -0.73912E-13
    0.37200E+07    0.00000E+00    0.00000E+00    0.00000E+00    0.00000E+00   -0.00000E+00   -0.74111E-13
    0.37250E+07    0.00000E+00    0.00000E+00    0.00000E+00    0.00000E+00   -0.00000E+00   -0.74310E-13
    0.37300E+07    0.00000E+00    0.00000E+00    0.00000E+00    0.00000E+00   -0.00000E+00   -0.74510E-13
    0.37350E+07    0.00000E+00    0.00000E+00    0.00000E+00    0.00000E+00   -0.00000E+00   -0.74710E-13
    0.37400E+07    0.00000E+00    0.00000E+00    0.00000E+00    0.00000E+00   -0.00000E+00   -0.74910E-13
    0.37450E+07    0.00000E+00    0.00000E+00    0.00000E+00    0.00000E+00   -0.00000E+00   -0.75110E-13
    0.37500E+07    0.00000E+00    0.00000E+00    0.00000E+00    0.00000E+00   -0.00000E+00   -0.75311E-13
    0.37550E+07    0.00000E+00    0.00000E+00    0.00000E+00    0.00000E+00   -0.00000E+00   -0.75512E-13
    0.37600E+07    0.00000E+00    0.00000E+00    0.00000E+00    0.00000E+00   -0.00000E+00   -0.75713E-13
    0.37650E+07    0.00000E+00    0.00000E+00    0.00000E+00    0.00000E+00   -0.00000E+00   -0.75915E-13
    0.37700E+07    0.00000E+00    0.00000E+00    0.00000E+00    0.00000E+00   -0.00000E+00   -0.76116E-13
    0.37750E+07    0.00000E+00    0.00000E+00    0.00000E+00    0.00000E+00   -0.00000E+00   -0.76318E-13
    0.37800E+07    0.00000E+00    0.00000E+00    0.00000E+00    0.00000E+00   -0.00000E+00   -0.76521E-13
    0.37850E+07    0.00000E+00    0.00000E+00    0.00000E+00    0.00000E+00   -0.00000E+00   -0.76723E-13
    0.37900E+07    0.00000E+00    0.00000E+00    0.00000E+00    0.00000E+00   -0.00000E+00   -0.76926E-13
    0.37950E+07    0.00000E+00    0.00000E+00    0.00000E+00    0.00000E+00   -0.00000E+00   -0.77129E-13
    0.38000E+07    0.00000E+00    0.00000E+00    0.00000E+00    0.00000E+00   -0.00000E+00   -0.77333E-13
    0.38050E+07    0.00000E+00    0.00000E+00    0.00000E+00    0.00000E+00   -0.00000E+00   -0.77536E-13
    0.38100E+07    0.00000E+00    0.00000E+00    0.00000E+00    0.00000E+00   -0.00000E+00   -0.77740E-13
    0.38150E+07    0.00000E+00    0.00000E+00    0.00000E+00    0.00000E+00   -0.00000E+00   -0.77944E-13
    0.38200E+07    0.00000E+00    0.00000E+00    0.00000E+00    0.00000E+00   -0.00000E+00   -0.78149E-13
    0.38250E+07    0.00000E+00    0.00000E+00    0.00000E+00    0.00000E+00   -0.00000E+00   -0.78354E-13
    0.38300E+07    0.00000E+00    0.00000E+00    0.00000E+00    0.00000E+00   -0.00000E+00   -0.78559E-13
    0.38350E+07    0.00000E+00    0.00000E+00    0.00000E+00    0.00000E+00   -0.00000E+00   -0.78764E-13
    0.38400E+07    0.00000E+00    0.00000E+00    0.00000E+00    0.00000E+00   -0.00000E+00   -0.78969E-13
    0.38450E+07    0.00000E+00    0.00000E+00    0.00000E+00    0.00000E+00   -0.00000E+00   -0.79175E-13
    0.38500E+07    0.00000E+00    0.00000E+00    0.00000E+00    0.00000E+00   -0.00000E+00   -0.79381E-13
    0.38550E+07    0.00000E+00    0.00000E+00    0.00000E+00    0.00000E+00   -0.00000E+00   -0.79587E-13
    0.38600E+07    0.00000E+00    0.00000E+00    0.00000E+00    0.00000E+00   -0.00000E+00   -0.79794E-13
    0.38650E+07    0.00000E+00    0.00000E+00    0.00000E+00    0.00000E+00   -0.00000E+00   -0.80001E-13
    0.38700E+07    0.00000E+00    0.00000E+00    0.00000E+00    0.00000E+00   -0.00000E+00   -0.80208E-13
    0.38710E+07    0.00000E+00    0.00000E+00    0.00000E+00    0.00000E+00   -0.00000E+00   -0.80249E-13
    0.41210E+07    0.00000E+00    0.00000E+00    0.00000E+00    0.00000E+00   -0.00000E+00   -0.90950E-13
    0.43710E+07    0.00000E+00    0.00000E+00    0.00000E+00    0.00000E+00   -0.00000E+00   -0.10232E-12
    0.46210E+07    0.00000E+00    0.00000E+00    0.00000E+00    0.00000E+00   -0.00000E+00   -0.11436E-12
    0.48710E+07    0.00000E+00    0.00000E+00    0.00000E+00    0.00000E+00   -0.00000E+00   -0.12707E-12
    0.51210E+07    0.00000E+00    0.00000E+00    0.00000E+00    0.00000E+00   -0.00000E+00   -0.14044E-12
    0.53710E+07    0.00000E+00    0.00000E+00    0.00000E+00    0.00000E+00   -0.00000E+00   -0.15449E-12
    0.55710E+07    0.30360E-32    0.66937E-33    0.51976E-35   -0.66924E-33   -0.27083E-29   -0.16621E-12
    0.56710E+07    0.69590E-28    0.15704E-28    0.11976E-30   -0.15686E-28   -0.62430E-25   -0.17223E-12
    0.57710E+07    0.93195E-24    0.21586E-24    0.16678E-26   -0.21561E-24   -0.88083E-21   -0.17836E-12
    0.58710E+07    0.47003E-20    0.10525E-20    0.89953E-23   -0.10513E-20   -0.41120E-17   -0.18460E-12
    0.59710E+07    0.11492E-16    0.24636E-17    0.22939E-19   -0.24158E-17   -0.88689E-14   -0.19093E-12
    0.60210E+07    0.45113E-15    0.92707E-16    0.92120E-18   -0.92929E-16   -0.34526E-12   -0.19392E-12
    0.60710E+07    0.16927E-13    0.34493E-14    0.34650E-16   -0.34751E-14   -0.13205E-10   -0.18933E-12
    0.61210E+07    0.61668E-12    0.12588E-12    0.12861E-14   -0.12831E-12   -0.50886E-09    0.75794E-13
    0.61710E+07    0.18596E-10    0.39138E-11    0.41351E-13   -0.40875E-11   -0.16749E-07    0.71892E-11
    0.62210E+07    0.29884E-09    0.58329E-10    0.74225E-12   -0.59411E-10   -0.24704E-06    0.98732E-10
    0.62460E+07    0.90485E-09    0.15486E-09    0.22850E-11   -0.14933E-09   -0.61601E-06    0.28088E-09
    0.62710E+07    0.24339E-08    0.36500E-09    0.59903E-11   -0.32988E-09   -0.13072E-05    0.73538E-09
    0.62960E+07    0.58408E-08    0.79633E-09    0.13665E-10   -0.66886E-09   -0.24047E-05    0.17133E-08
    0.63210E+07    0.10920E-07    0.14058E-08    0.22559E-10   -0.10847E-08   -0.25717E-05    0.23560E-08
    0.63460E+07    0.74469E-08    0.85788E-09   -0.14220E-10    0.80930E-09    0.85577E-06   -0.30446E-08
    0.63593E+07    0.20044E-08    0.27354E-10   -0.10875E-09    0.66842E-08   -0.10610E-05   -0.46805E-08
    0.63593E+07    0.28383E-08    0.37833E-10   -0.85082E-10    0.53275E-08   -0.13667E-05   -0.58101E-08
    0.63618E+07    0.51398E-08    0.45629E-09   -0.10324E-09    0.52242E-08   -0.58174E-05   -0.49273E-08
    0.63641E+07    0.72344E-08    0.88726E-09   -0.10786E-09    0.53529E-08   -0.83044E-05   -0.42809E-08
    0.63658E+07    0.79397E-08    0.15299E-08   -0.73408E-10    0.23614E-08   -0.99244E-05   -0.93197E-08
    0.63658E+07   -0.32175E-08    0.13556E-08   -0.15359E-10    0.60506E-08    0.19741E-05   -0.13683E-07
    0.63659E+07   -0.31181E-08    0.12560E-08   -0.15472E-10    0.59572E-08    0.19098E-05   -0.13875E-07
    0.63659E+07    0.00000E+00    0.91959E-08   -0.00000E+00    0.31142E-08    0.21657E-05   -0.25299E-08
    0.63710E+07    0.00000E+00    0.91103E-13    0.00000E+00   -0.91103E-13   -0.13665E-09   -0.18197E-07
