  B01    10.672900  -147.497299 -5331.500000
  B02    11.063900  -145.714005 -5276.500000
  B04    10.459300  -146.369400 -5111.500000
  B05    10.775500  -144.848007 -5196.500000
  B06     9.707400  -147.748093 -5253.500000
  B08     8.750700  -147.999100 -5198.500000
  B11     9.161800  -146.003693 -4889.500000
  B13     9.253800  -145.549103 -5174.500000
  B16     9.388700  -144.881195 -5077.500000
  B17     9.433300  -144.654907 -5137.500000
  B19     9.652200  -143.546707 -5058.500000
  B22     7.818600  -145.798996 -5220.500000
  B23     8.136200  -144.287903 -5115.500000
  B24     8.878500  -142.911407 -5157.500000
  B25     7.164300  -146.723206 -5109.500000
  B26     7.538200  -144.945801 -5042.500000
