   28   -15.699400  -117.000801 -3390.000000
   29   -15.280300  -116.370003 -3352.100000
   30   -14.369200  -116.156700 -2633.000000
   32   -12.999600  -115.855400 -3119.000000
   34   -11.733600  -117.275101 -3578.000000
   36   -12.482800  -116.633598 -3556.000000
   38   -13.800300  -115.120399 -3413.000000
   39   -12.370000  -114.524902 -3397.000000
   41   -14.450800  -114.949699 -2294.000000
   42   -15.410000  -115.203499 -3382.000000
   43   -15.551700  -114.799797 -3202.000000
   44   -16.002001  -115.249100 -3297.000000
   46   -14.850000  -118.370300 -3666.000000
   47   -15.212100  -117.600601 -3605.000000
   48   -13.170100  -117.201202 -3318.000000
   49   -12.720100  -117.991798 -3714.000000
   50   -13.749500  -117.901604 -3540.000000
   52   -14.999500  -115.800400 -3414.000000
