 J23A    44.844002  -129.682495 -2655.000000
 J28A    45.063599  -127.156403 -2867.000000
 J29A    45.175701  -128.008408 -2849.000000
 J30A    45.424198  -128.906906 -2824.000000
 J31A    45.553101  -129.672699 -2657.000000
 J35A    45.498901  -126.266800 -2662.000000
 J36A    45.685501  -127.122498 -2821.000000
 J37A    45.864201  -127.985298 -2862.000000
 J38A    46.039501  -128.853104 -2734.000000
 J39A    46.175999  -129.644104 -2659.000000
 J43A    46.137798  -126.172096 -2654.400000
 J44A    46.323002  -127.039001 -2724.100000
 J45A    46.520901  -127.904900 -2757.000000
 J46A    46.663898  -128.788300 -2744.000000
 J47A    46.843300  -129.713501 -2685.000000
 J52A    46.992001  -127.015900 -2613.000000
 J53A    47.164200  -127.922096 -2686.000000
 J54A    47.335800  -128.811600 -2662.000000
 J55A    47.530499  -129.707596 -2800.000000
 J61A    47.872501  -128.197205 -2644.000000
 J63A    48.206501  -130.003296 -2882.000000
 J67A    48.150002  -127.084198 -2612.000000
 J68A    48.480999  -127.829201 -2590.000000
 J21C    44.534199  -128.037598 -2847.000000
 J23C    44.843800  -129.681000 -2653.000000
 J28C    45.061699  -127.156700 -2889.000000
 J29C    45.173100  -128.005798 -2816.000000
 J30C    45.426102  -128.910004 -2786.000000
 J31C    45.551899  -129.672394 -2624.000000
 J32C    45.714500  -130.602997 -2756.000000
 J35C    45.499500  -126.268303 -2655.000000
 J36C    45.686501  -127.125198 -2812.000000
 J37C    45.863499  -127.985298 -2886.000000
 J38C    46.038898  -128.853607 -2731.000000
 J39C    46.176102  -129.643799 -2656.000000
 J43C    46.137001  -126.172501 -2645.000000
 J44C    46.324001  -127.040703 -2742.000000
 J45C    46.520901  -127.904701 -2742.000000
 J46C    46.664501  -128.789398 -2744.000000
 J47C    46.844002  -129.713898 -2679.000000
 J48C    47.129501  -130.650696 -2940.000000
 J52C    46.992001  -127.015800 -2640.000000
 J53C    47.164299  -127.922302 -2717.000000
 J54C    47.335800  -128.811295 -2666.000000
 J55C    47.531502  -129.707794 -2755.000000
 J61C    47.872799  -128.197205 -2673.000000
 J63C    48.204700  -130.005295 -2845.000000
 J67C    48.151001  -127.086800 -2581.000000
 J68C    48.481098  -127.829300 -2587.000000
 J69C    48.626999  -128.738602 -2544.000000
