 BIG2    19.079000  -155.772995   582.000000
 BYUH    21.646000  -157.931000    23.000000
 CCHM    20.771000  -155.996994    60.000000
 DLAH    19.601000  -154.983002    52.000000
 HPAH    20.046000  -155.710999   775.000000
 KCCH    21.971001  -159.401001   128.000000
 LHSM    20.891001  -156.658005   204.000000
 MRKH    21.108999  -157.270004   143.000000
 NGOK    22.122999  -159.664993  1157.000000
 PHRM    21.136000  -156.755997   407.000000
 PL01    20.088900  -154.617798 -5580.000000
 PL02    20.499901  -154.937500 -5065.000000
 PL03    21.205500  -155.679398 -5144.000000
 PL04    22.289801  -155.595093 -4515.000000
 PL05    21.507000  -154.994400 -5196.000000
 PL06    21.001900  -154.482803 -5373.000000
 PL07    21.519699  -153.982697 -4912.000000
 PL08    20.892599  -153.292099 -5157.000000
 PL10    19.979099  -153.902405 -5336.000000
 PL11    19.495199  -153.503204 -5181.000000
 PL12    19.506300  -154.017105 -5385.000000
 PL13    19.262501  -154.393997 -5515.000000
 PL14    18.797600  -153.992294 -5252.000000
 PL15    18.800900  -153.295898 -5077.000000
 PL17    18.481400  -152.132401 -5184.000000
 PL18    17.906200  -153.290604 -4938.000000
 PL19    16.711901  -153.407806 -5163.000000
 PL20    17.297501  -153.700806 -5120.000000
 PL21    17.180099  -154.691299 -4993.000000
 PL22    17.988400  -154.030502 -5057.000000
 PL23    18.401699  -154.495895 -5167.000000
 PL24    18.803101  -154.797394 -5319.000000
 PL26    17.975700  -155.002594 -4997.000000
 PL27    18.000299  -155.714996 -5099.000000
 PL28    17.602800  -156.499802 -4792.000000
 PL29    18.404200  -156.808197 -4627.000000
 PL30    18.301001  -156.167007 -5091.000000
 PL31    18.775000  -156.465103 -4610.000000
 PL32    18.984800  -157.227295 -4604.000000
 PL33    19.477699  -156.510101 -4707.000000
 PL34    19.832701  -156.932007 -4748.000000
 PL35    20.346100  -157.627594 -4650.000000
 PL36    21.298401  -158.903000 -4762.000000
 PL37    19.823400  -160.047501 -4676.000000
 PL38    19.986300  -162.025604 -4897.000000
 PL39    21.956301  -161.314896 -4543.000000
 PL40    23.997200  -161.095001 -4691.000000
 PL41    24.573799  -158.933105 -4749.000000
 PL43    26.776699  -155.765305 -5545.000000
 PL44    25.592800  -152.765793 -5420.000000
 PL45    24.200600  -154.811996 -4686.000000
 PL46    24.312099  -156.964600 -4428.000000
 PL47    22.620199  -158.185394 -4830.000000
 PL48    22.299900  -155.636200 -4528.000000
 PL49    21.168699  -154.251801 -5173.000000
 PL50    22.319901  -152.742706 -5021.000000
 PL51    23.684299  -151.695694 -5485.000000
 PL55    18.301800  -152.981201 -5076.000000
 PL57    18.914200  -150.914993 -5335.000000
 PL59    16.989000  -149.000900 -5374.000000
 PL61    16.737801  -151.637604 -5186.000000
 PL62    14.689100  -151.686600 -5765.000000
 PL63    14.731300  -153.967499 -5603.000000
 PL65    17.315399  -153.868195 -5115.000000
 PL66    17.614901  -156.387695 -4826.000000
 PL67    16.162001  -156.206604 -5112.000000
 PL68    14.659600  -157.859100 -5637.000000
 PL69    16.348400  -157.700806 -5365.000000
 PL70    15.574000  -158.982498 -5591.000000
 PL71    17.746901  -161.367599 -5601.000000
 PL73    18.564699  -158.760193 -4686.000000
 PL74    20.377800  -158.179504 -4541.000000
