Input file for nishimura and forsyth's transverse model Region 1 0-4 Ma
depth, ph, sv, epsilon, phi, eta
15., 8.0570, 4.4316, 1.0268, 0.9916, 1.0061
25., 8.0618, 4.2212, 1.0323, 0.9828, 1.0125
35., 8.1069, 4.0463, 1.0303, 0.9753, 1.0191
45., 8.1327, 3.9817, 1.0280, 0.9725, 1.0225
55., 8.0831, 3.9707, 1.0267, 0.9738, 1.0215
65., 7.9934, 3.9782, 1.0259, 0.9768, 1.0184
75., 7.8619, 3.9744, 1.0253, 0.9800, 1.0151
85., 7.7673, 3.9981, 1.0249, 0.9827, 1.0122
95., 7.6846, 4.0274, 1.0246, 0.9848, 1.0101
105., 7.6182, 4.0580, 1.0242, 0.9864, 1.0085
115., 7.5686, 4.0869, 1.0236, 0.9877, 1.0074
125., 7.5350, 4.1138, 1.0228, 0.9887, 1.0065
135., 7.5184, 4.1382, 1.0218, 0.9896, 1.0059
145., 7.5217, 4.1624, 1.0206, 0.9904, 1.0054
155., 7.5601, 4.1962, 1.0193, 0.9911, 1.0049
165., 7.6004, 4.2234, 1.0180, 0.9918, 1.0046
175., 7.6846, 4.2683, 1.0166, 0.9925, 1.0043
185., 7.7700, 4.3101, 1.0152, 0.9931, 1.0040
195., 7.8561, 4.3479, 1.0138, 0.9936, 1.0038
205., 7.9463, 4.3862, 1.0125, 0.9941, 1.0036
215., 8.0376, 4.4240, 1.0112, 0.9946, 1.0034
225., 8.1066, 4.4494, 1.0100, 0.9950, 1.0032
235., 8.1547, 4.4647, 1.0088, 0.9954, 1.0030
245., 8.2036, 4.4789, 1.0078, 0.9958, 1.0028
255., 8.2389, 4.4873, 1.0068, 0.9961, 1.0026
265., 8.2519, 4.4838, 1.0059, 0.9964, 1.0024
275., 8.2650, 4.4814, 1.0051, 0.9967, 1.0022
285., 8.2780, 4.4802, 1.0044, 0.9970, 1.0021
295., 8.3139, 4.4923, 1.0038, 0.9973, 1.0019
305., 8.3509, 4.5045, 1.0032, 0.9976, 1.0017
315., 8.3869, 4.5178, 1.0028, 0.9979, 1.0015
325., 8.4418, 4.5392, 1.0023, 0.9981, 1.0013
335., 8.5258, 4.5786, 1.0020, 0.9983, 1.0012
345., 8.6100, 4.6181, 1.0017, 0.9985, 1.0010
355., 8.6939, 4.6565, 1.0014, 0.9987, 1.0009
365., 8.7839, 4.6989, 1.0012, 0.9989, 1.0008
375., 8.8799, 4.7442, 1.0010, 0.9991, 1.0007
385., 8.9760, 4.7897, 1.0008, 0.9992, 1.0006
395., 9.0720, 4.8364, 1.0006, 0.9995, 1.0004
