Input file for nishimura and forsyth's transverse model Region 3 20-52 Ma
depth, ph, sv, epsilon, phi, eta  ONLY S ENTERED SO FAR
15., 8.1468, 4.6146, 1.0410, 0.9945, 1.0064
25., 8.1381, 4.5908, 1.0547, 0.9892, 1.0036
35., 8.1450, 4.5485, 1.0568, 0.9811, 1.0033
45., 8.1490, 4.5084, 1.0562, 0.9714, 1.0092
55., 8.0907, 4.4468, 1.0560, 0.9631, 1.0174
65., 7.9983, 4.3778, 1.0563, 0.9574, 1.0243
75., 7.8652, 4.2970, 1.0569, 0.9550, 1.0284
85., 7.7700, 4.2486, 1.0577, 0.9556, 1.0297
95., 7.6872, 4.2145, 1.0582, 0.9585, 1.0286
105., 7.6200, 4.1927, 1.0582, 0.9627, 1.0262
115., 7.5707, 4.1813, 1.0574, 0.9675, 1.0230
125., 7.5373, 4.1774, 1.0556, 0.9723, 1.0197
135., 7.5200, 4.1791, 1.0529, 0.9768, 1.0164
145., 7.5237, 4.1881, 1.0495, 0.9810, 1.0135
155., 7.5625, 4.2126, 1.0455, 0.9846, 1.0110
165., 7.6023, 4.2330, 1.0411, 0.9878, 1.0088
175., 7.6862, 4.2758, 1.0366, 0.9905, 1.0069
185., 7.7712, 4.3155, 1.0322, 0.9927, 1.0054
195., 7.8571, 4.3537, 1.0280, 0.9945, 1.0041
205., 7.9471, 4.3938, 1.0242, 0.9959, 1.0031
215., 8.0381, 4.4322, 1.0207, 0.9970, 1.0023
225., 8.1070, 4.4593, 1.0176, 0.9979, 1.0017
235., 8.1550, 4.4751, 1.0150, 0.9986, 1.0012
245., 8.2040, 4.4908, 1.0127, 0.9991, 1.0008
255., 8.2390, 4.4996, 1.0107, 0.9995, 1.0005
265., 8.2520, 4.4974, 1.0090, 0.9998, 1.0003
275., 8.2650, 4.4953, 1.0076, 1.0000, 1.0001
285., 8.2780, 4.4933, 1.0064, 1.0002, 1.0000
295., 8.3140, 4.5054, 1.0054, 1.0003, 0.9999
305., 8.3510, 4.5165, 1.0046, 1.0003, 0.9998
315., 8.3870, 4.5287, 1.0039, 1.0004, 0.9998
325., 8.4420, 4.5500, 1.0033, 1.0004, 0.9998
335., 8.5260, 4.5883, 1.0029, 1.0004, 0.9997
345., 8.6100, 4.6267, 1.0025, 1.0004, 0.9998
355., 8.6940, 4.6641, 1.0021, 1.0004, 0.9998
365., 8.7840, 4.7057, 1.0019, 1.0003, 0.9998
375., 8.8800, 4.7502, 1.0016, 1.0003, 0.9998
385., 8.9760, 4.7947, 1.0013, 1.0003, 0.9998
395., 9.0720, 4.8399, 1.0009, 1.0002, 0.9999
