Input file for nishimura and forsyth's transverse model Region 5 +110
depth, ph, sv, epsilon, phi, eta    ONLY S DATA ENTERED SO FAR
15., 8.1862, 4.6292, 1.0401, 0.9956, 1.0039
25., 8.1760, 4.6051, 1.0563, 0.9941, 1.0049
35., 8.1680, 4.5947, 1.0607, 0.9954, 1.0034
45., 8.1604, 4.6222, 1.0610, 0.9978, 1.0008
55., 8.0951, 4.6279, 1.0611, 0.9990, 0.9991
65., 7.9994, 4.6022, 1.0616, 0.9987, 0.9988
75., 7.8640, 4.5381, 1.0624, 0.9973, 0.9996
85., 7.7678, 4.4856, 1.0635, 0.9956, 1.0009
95., 7.6846, 4.4345, 1.0648, 0.9939, 1.0023
105., 7.6182, 4.3893, 1.0658, 0.9925, 1.0035
115., 7.5694, 4.3525, 1.0663, 0.9915, 1.0045
125., 7.5364, 4.3239, 1.0659, 0.9909, 1.0051
135., 7.5193, 4.3031, 1.0646, 0.9907, 1.0054
145., 7.5232, 4.2923, 1.0624, 0.9908, 1.0055
155., 7.5625, 4.2997, 1.0591, 0.9911, 1.0054
165., 7.6017, 4.3056, 1.0551, 0.9916, 1.0052
175., 7.6861, 4.3361, 1.0506, 0.9923, 1.0049
185., 7.7707, 4.3655, 1.0457, 0.9930, 1.0046
195., 7.8574, 4.3951, 1.0406, 0.9937, 1.0042
205., 7.9474, 4.4280, 1.0356, 0.9944, 1.0038
215., 8.0376, 4.4603, 1.0308, 0.9950, 1.0034
225., 8.1069, 4.4823, 1.0263, 0.9956, 1.0031
235., 8.1552, 4.4938, 1.0222, 0.9961, 1.0028
245., 8.2036, 4.5059, 1.0185, 0.9966, 1.0025
255., 8.2389, 4.5116, 1.0153, 0.9970, 1.0022
265., 8.2519, 4.5068, 1.0124, 0.9974, 1.0019
275., 8.2650, 4.5025, 1.0100, 0.9978, 1.0016
285., 8.2780, 4.4986, 1.0079, 0.9981, 1.0014
295., 8.3145, 4.5092, 1.0061, 0.9984, 1.0012
305., 8.3509, 4.5190, 1.0046, 0.9986, 1.0010
315., 8.3875, 4.5302, 1.0034, 0.9988, 1.0009
325., 8.4418, 4.5507, 1.0024, 0.9990, 1.0007
335., 8.5258, 4.5884, 1.0016, 0.9992, 1.0006
345., 8.6100, 4.6263, 1.0009, 0.9993, 1.0005
355., 8.6944, 4.6634, 1.0004, 0.9994, 1.0004
365., 8.7844, 4.7047, 1.0001, 0.9995, 1.0003
375., 8.8802, 4.7491, 0.9998, 0.9996, 1.0003
385., 8.9762, 4.7936, 0.9996, 0.9997, 1.0002
395., 9.0723, 4.8390, 0.9997, 0.9998, 1.0001
